chr18	11230	11232	cg13587056
chr18	11947	11949	cg06469293
chr18	12436	12438	cg25031787
chr18	48911	48913	cg21239878
chr18	49312	49314	cg23862978
chr18	49430	49432	cg23898292
chr18	49897	49899	cg26905010
chr18	70528	70530	cg25500642
chr18	73036	73038	cg14856082
chr18	73158	73160	cg26627665
chr18	73257	73259	cg17271683
chr18	73561	73563	cg12063583
chr18	75504	75506	cg21051976
chr18	75691	75693	cg17017539
chr18	75733	75735	cg00736530
chr18	76107	76109	cg21664388
chr18	111825	111827	cg00728296
chr18	155308	155310	cg23340194
chr18	158010	158012	cg07301952
chr18	158228	158230	cg01750507
chr18	158291	158293	cg12914251
chr18	158293	158295	cg07535605
chr18	158347	158349	cg00014996
chr18	158462	158464	cg12559913
chr18	158550	158552	cg24438779
chr18	158566	158568	cg02273078
chr18	158837	158839	cg01000073
chr18	159264	159266	cg01848352
chr18	159309	159311	cg18959473
chr18	159792	159794	cg23366050
chr18	163066	163068	cg14003749
chr18	165401	165403	cg16271622
chr18	199302	199303	ch.18.4153F
chr18	213652	213654	cg21280914
chr18	264575	264577	cg12944017
chr18	267636	267638	cg27109971
chr18	267710	267712	cg23644795
chr18	268030	268032	cg21288778
chr18	268067	268069	cg14712439
chr18	268130	268132	cg18851521
chr18	268134	268136	cg15813951
chr18	268165	268167	cg18718343
chr18	268183	268185	cg03668621
chr18	268255	268257	cg15362363
chr18	268277	268279	cg26383001
chr18	268380	268382	cg23315422
chr18	268600	268602	cg15747133
chr18	271672	271674	cg05441628
chr18	319785	319787	cg15630599
chr18	497273	497275	cg25570929
chr18	497781	497783	cg13569424
chr18	499392	499394	cg06283976
chr18	499759	499761	cg06758329
chr18	499886	499888	cg15080754
chr18	500322	500324	cg20747000
chr18	500816	500818	cg16943083
chr18	500978	500980	cg19461621
chr18	501108	501110	cg05892960
chr18	501136	501138	cg07137336
chr18	501233	501235	cg19382657
chr18	501512	501514	cg21067023
chr18	502980	502982	cg03359428
chr18	514362	514364	cg12924510
chr18	514535	514537	cg16368579
chr18	515464	515466	cg23365097
chr18	516596	516598	cg05644143
chr18	519264	519266	cg23368579
chr18	577109	577111	cg01249134
chr18	579236	579238	cg27469810
chr18	579712	579714	cg11815008
chr18	580187	580189	cg26738010
chr18	580208	580210	cg22265273
chr18	580227	580229	cg20731110
chr18	580243	580245	cg00670539
chr18	580257	580259	cg19142054
chr18	580333	580335	cg25964180
chr18	580434	580436	cg06490951
chr18	580701	580703	cg24935976
chr18	581170	581172	cg18142228
chr18	583804	583806	cg13279915
chr18	596702	596704	cg04567315
chr18	596712	596714	cg06435765
chr18	596756	596758	cg27613357
chr18	596758	596760	cg14106921
chr18	596942	596944	cg23848775
chr18	597074	597076	cg26774079
chr18	597110	597112	cg11214889
chr18	615470	615472	cg13483727
chr18	615495	615497	cg23713900
chr18	615935	615937	cg06756436
chr18	616706	616708	cg23661343
chr18	635374	635376	cg25420230
chr18	653594	653596	cg24783164
chr18	657226	657228	cg23384185
chr18	657269	657271	cg15712413
chr18	657360	657362	cg00134212
chr18	657415	657417	cg06261370
chr18	657448	657450	cg26188124
chr18	657468	657470	cg24940511
chr18	657521	657523	cg00881254
chr18	657648	657650	cg26251069
chr18	657671	657673	cg20977660
chr18	657814	657816	cg18419020
chr18	658175	658177	cg25679471
chr18	658302	658304	cg14276467
chr18	658339	658341	cg07479961
chr18	658389	658391	cg15084758
chr18	658444	658446	cg11684611
chr18	658446	658448	cg19044279
chr18	658601	658603	cg11726572
chr18	658672	658674	cg13354228
chr18	658882	658884	cg15522677
chr18	659724	659726	cg09728637
chr18	660755	660757	cg18089670
chr18	672962	672964	cg20885593
chr18	673110	673112	cg13606422
chr18	673910	673912	cg05915892
chr18	686345	686347	cg01037496
chr18	709039	709041	cg03034689
chr18	711839	711841	cg26650682
chr18	712249	712251	cg24907852
chr18	712730	712732	cg15158376
chr18	712732	712734	cg26147554
chr18	712736	712738	cg00955482
chr18	712794	712796	cg07283778
chr18	713084	713086	cg07100532
chr18	713199	713201	cg16112050
chr18	718546	718547	ch.18.18270R
chr18	722817	722819	cg16917903
chr18	749230	749232	cg06466360
chr18	811509	811511	cg15284897
chr18	811807	811809	cg14671488
chr18	812262	812264	cg24732929
chr18	812495	812497	cg13010273
chr18	812601	812603	cg02824315
chr18	813011	813013	cg13995319
chr18	813057	813059	cg06284244
chr18	814874	814876	cg02747298
chr18	900970	900972	cg02894139
chr18	903762	903764	cg25911901
chr18	904521	904523	cg19962990
chr18	904849	904851	cg16457786
chr18	904876	904878	cg24287438
chr18	904883	904885	cg21438101
chr18	904897	904899	cg15458338
chr18	904918	904920	cg18319029
chr18	904961	904963	cg11850773
chr18	905099	905101	cg17059658
chr18	905125	905127	cg15194943
chr18	905154	905156	cg00128702
chr18	905175	905177	cg22388954
chr18	905178	905180	cg11773720
chr18	905250	905252	cg14200170
chr18	905380	905382	cg07211875
chr18	905448	905450	cg07376535
chr18	905609	905611	cg14489474
chr18	906018	906020	cg17439660
chr18	906222	906224	cg07788286
chr18	906724	906726	cg22374233
chr18	907090	907092	cg06372303
chr18	907603	907605	cg13940693
chr18	908128	908130	cg00067606
chr18	908288	908290	cg21331088
chr18	908394	908396	cg11771234
chr18	908503	908505	cg11402363
chr18	908743	908745	cg04105966
chr18	909084	909086	cg10384245
chr18	909152	909154	cg11859607
chr18	911316	911318	cg14479567
chr18	911898	911900	cg14908653
chr18	1296919	1296921	cg17192954
chr18	1359654	1359656	cg08233331
chr18	1359762	1359764	cg18825414
chr18	1360519	1360521	cg25481999
chr18	2538512	2538514	cg27628090
chr18	2565651	2565653	cg22049174
chr18	2570888	2570890	cg00277996
chr18	2570950	2570952	cg26661543
chr18	2571088	2571090	cg05407825
chr18	2571290	2571292	cg17241550
chr18	2571313	2571315	cg02807146
chr18	2571333	2571335	cg16932672
chr18	2571349	2571351	cg07333223
chr18	2571352	2571354	cg14313868
chr18	2571394	2571396	cg13425515
chr18	2571452	2571454	cg13890999
chr18	2571574	2571576	cg17322050
chr18	2571579	2571581	cg16168723
chr18	2571606	2571608	cg21796667
chr18	2571633	2571635	cg18418962
chr18	2571648	2571650	cg12105108
chr18	2571660	2571662	cg14868726
chr18	2571747	2571749	cg26393983
chr18	2571989	2571991	cg16421612
chr18	2572965	2572967	cg06454226
chr18	2574228	2574230	cg23486661
chr18	2652797	2652799	cg13881513
chr18	2653456	2653458	cg12467140
chr18	2653997	2653999	cg24914483
chr18	2654819	2654821	cg00342953
chr18	2655012	2655014	cg14063809
chr18	2655079	2655081	cg26103828
chr18	2655179	2655181	cg26875867
chr18	2655203	2655205	cg16628215
chr18	2655213	2655215	cg16075769
chr18	2655452	2655454	cg03497297
chr18	2655879	2655881	cg03746133
chr18	2655881	2655883	cg05372260
chr18	2655890	2655892	cg20680872
chr18	2656305	2656307	cg11816918
chr18	2656816	2656818	cg25577866
chr18	2657780	2657782	cg14945086
chr18	2659555	2659557	cg00700039
chr18	2843519	2843521	cg25813942
chr18	2846182	2846184	cg21266975
chr18	2846238	2846240	cg07483811
chr18	2846762	2846764	cg20679955
chr18	2846835	2846837	cg14133708
chr18	2846985	2846987	cg22349573
chr18	2847072	2847074	cg07438299
chr18	2847302	2847304	cg07012770
chr18	2847310	2847312	cg09009111
chr18	2847531	2847533	cg05102581
chr18	2847624	2847626	cg18959007
chr18	2847918	2847920	cg02753362
chr18	2848066	2848068	cg14140647
chr18	2848373	2848375	cg07431229
chr18	2849072	2849074	cg00093099
chr18	2851950	2851952	cg14592066
chr18	2903246	2903248	cg01168584
chr18	2905299	2905301	cg21186722
chr18	2906033	2906035	cg24948962
chr18	2906284	2906286	cg24276681
chr18	2906291	2906293	cg15017004
chr18	2906751	2906753	cg07256029
chr18	2907241	2907243	cg23405696
chr18	2907348	2907350	cg13765206
chr18	2907473	2907475	cg15351951
chr18	2909790	2909792	cg06769774
chr18	2912430	2912432	cg25024210
chr18	2913136	2913138	cg16181848
chr18	2913169	2913171	cg02649514
chr18	2913221	2913223	cg25501902
chr18	2913255	2913257	cg07724259
chr18	2913942	2913944	cg27572343
chr18	2916739	2916741	cg18061327
chr18	2917510	2917512	cg20404260
chr18	2945776	2945778	cg05076082
chr18	2946804	2946806	cg20586971
chr18	2947045	2947047	cg02244941
chr18	2947844	2947846	cg21656685
chr18	3009126	3009128	cg14443640
chr18	3011811	3011813	cg15052335
chr18	3011966	3011968	cg16857548
chr18	3011981	3011983	cg12052497
chr18	3012018	3012020	cg10904070
chr18	3012414	3012416	cg18110535
chr18	3012549	3012551	cg00803804
chr18	3012765	3012767	cg12317151
chr18	3012995	3012997	cg12245438
chr18	3013157	3013159	cg11516594
chr18	3013401	3013403	cg13820589
chr18	3015373	3015375	cg25461300
chr18	3063386	3063388	cg21518709
chr18	3066823	3066825	cg05486872
chr18	3067338	3067340	cg11746846
chr18	3067386	3067388	cg02935272
chr18	3067533	3067535	cg00522579
chr18	3067625	3067627	cg25474399
chr18	3219967	3219969	cg24128316
chr18	3220107	3220109	cg10677144
chr18	3220125	3220127	cg25874123
chr18	3220274	3220276	cg19876649
chr18	3220533	3220535	cg14944538
chr18	3221493	3221495	cg07050917
chr18	3221599	3221601	cg12067287
chr18	3243674	3243676	cg14357055
chr18	3246175	3246177	cg03172801
chr18	3247295	3247297	cg21351102
chr18	3247310	3247312	cg20536512
chr18	3247433	3247435	cg23319046
chr18	3247447	3247449	cg12002260
chr18	3247474	3247476	cg00358220
chr18	3247528	3247530	cg15692535
chr18	3247655	3247657	cg21872393
chr18	3247810	3247812	cg25292698
chr18	3247816	3247818	cg00377133
chr18	3248134	3248136	cg17590693
chr18	3248149	3248151	cg12107637
chr18	3248855	3248857	cg24980904
chr18	3250275	3250277	cg26708427
chr18	3255879	3255881	cg00533990
chr18	3258801	3258803	cg24325215
chr18	3261470	3261472	cg13014058
chr18	3261710	3261712	cg21656293
chr18	3261713	3261715	cg14462626
chr18	3261972	3261974	cg22069342
chr18	3262013	3262015	cg21226485
chr18	3262034	3262036	cg11668079
chr18	3262036	3262038	cg27114094
chr18	3262145	3262147	cg21375558
chr18	3262148	3262150	cg19222379
chr18	3262500	3262502	cg14211874
chr18	3262520	3262522	cg00760847
chr18	3262531	3262533	cg20356664
chr18	3262535	3262537	cg05243095
chr18	3262542	3262544	cg24732823
chr18	3262550	3262552	cg21731291
chr18	3262665	3262667	cg16348491
chr18	3263083	3263085	cg19146448
chr18	3266233	3266235	cg06860460
chr18	3273044	3273046	cg07716910
chr18	3297177	3297179	cg22264898
chr18	3410588	3410590	cg06898502
chr18	3411744	3411746	cg13224710
chr18	3411822	3411824	cg12931591
chr18	3411907	3411909	cg27322282
chr18	3411997	3411999	cg13468667
chr18	3412089	3412091	cg20322862
chr18	3445099	3445101	cg25385819
chr18	3446567	3446569	cg26701815
chr18	3447017	3447019	cg07529654
chr18	3447455	3447457	cg06874218
chr18	3447464	3447466	cg21346639
chr18	3447584	3447586	cg05265512
chr18	3447714	3447716	cg19549714
chr18	3448420	3448422	cg09124190
chr18	3448469	3448471	cg14372466
chr18	3448694	3448696	cg07375883
chr18	3449182	3449184	cg01075763
chr18	3449693	3449695	cg20386586
chr18	3449790	3449792	cg18861140
chr18	3449845	3449847	cg27079446
chr18	3450161	3450163	cg05128992
chr18	3450263	3450265	cg07063032
chr18	3450283	3450285	cg21434114
chr18	3450343	3450345	cg00063945
chr18	3450627	3450629	cg04000205
chr18	3450922	3450924	cg13344806
chr18	3451080	3451082	cg10580691
chr18	3451448	3451450	cg26491697
chr18	3451457	3451459	cg16723445
chr18	3451476	3451478	cg17301635
chr18	3451485	3451487	cg13709765
chr18	3451546	3451548	cg16956031
chr18	3451549	3451551	cg03538731
chr18	3451565	3451567	cg17302062
chr18	3451607	3451609	cg00033220
chr18	3451751	3451753	cg02954262
chr18	3452303	3452305	cg12899157
chr18	3452318	3452320	cg15555970
chr18	3452360	3452362	cg21164232
chr18	3452444	3452446	cg06350404
chr18	3453727	3453729	cg06085713
chr18	3453799	3453801	cg18204321
chr18	3454176	3454178	cg05737526
chr18	3454954	3454956	cg20801464
chr18	3457202	3457204	cg23600322
chr18	3457982	3457984	cg15803671
chr18	3495889	3495891	cg21013431
chr18	3498855	3498857	cg21734356
chr18	3498964	3498966	cg05255330
chr18	3499094	3499096	cg15673034
chr18	3499254	3499256	cg17298239
chr18	3499814	3499816	cg27278787
chr18	3502813	3502815	cg21702625
chr18	3593462	3593464	cg02892153
chr18	3593716	3593718	cg13355041
chr18	3593799	3593801	cg24671939
chr18	3594099	3594101	cg06362065
chr18	3594174	3594176	cg12312205
chr18	3594198	3594200	cg03760316
chr18	3594244	3594246	cg06879567
chr18	3594397	3594399	cg12760563
chr18	3594399	3594401	cg16850687
chr18	3712399	3712401	cg14093720
chr18	3726857	3726859	cg18423469
chr18	3728364	3728366	cg25073051
chr18	3729404	3729406	cg13228862
chr18	3730592	3730594	cg18389339
chr18	3732001	3732003	cg18761756
chr18	3768747	3768749	cg23717106
chr18	3771109	3771111	cg00495303
chr18	3771150	3771152	cg25439807
chr18	3771379	3771381	cg23918507
chr18	3771451	3771453	cg24000444
chr18	3771569	3771571	cg19622911
chr18	3773223	3773225	cg27012424
chr18	3773773	3773775	cg06643882
chr18	3845347	3845349	cg27602828
chr18	3845666	3845668	cg27318000
chr18	3845702	3845704	cg20123962
chr18	3875822	3875824	cg25804443
chr18	3879130	3879132	cg00041368
chr18	3879302	3879304	cg25693099
chr18	3879594	3879596	cg00140112
chr18	3880019	3880021	cg15156844
chr18	3880075	3880077	cg16448399
chr18	3880085	3880087	cg26598649
chr18	3880509	3880511	cg19548470
chr18	3880557	3880559	cg16128363
chr18	3881546	3881548	cg18356448
chr18	3883518	3883520	cg27368718
chr18	4450488	4450490	cg23270523
chr18	4453855	4453857	cg03152033
chr18	4454188	4454190	cg01382110
chr18	4454303	4454305	cg21091227
chr18	4454471	4454473	cg25980242
chr18	4454547	4454549	cg05645755
chr18	4455336	4455338	cg25627226
chr18	4455511	4455513	cg21053831
chr18	4455645	4455647	cg10523903
chr18	4455712	4455714	cg21433429
chr18	4455861	4455863	cg18264657
chr18	4456153	4456155	cg20140394
chr18	4459166	4459168	cg24782003
chr18	5145386	5145388	cg05623614
chr18	5193969	5193971	cg00635343
chr18	5195201	5195203	cg19718771
chr18	5195574	5195576	cg17900076
chr18	5196397	5196399	cg22105145
chr18	5196738	5196740	cg07138551
chr18	5196874	5196876	cg13671919
chr18	5197066	5197068	cg03250019
chr18	5197071	5197073	cg00247557
chr18	5197327	5197329	cg03278146
chr18	5197388	5197390	cg26355573
chr18	5197420	5197422	cg23234640
chr18	5197462	5197464	cg23811789
chr18	5197468	5197470	cg00197517
chr18	5197559	5197561	cg25349154
chr18	5198566	5198568	cg08235349
chr18	5199989	5199991	cg00512484
chr18	5233979	5233981	cg26881207
chr18	5237527	5237529	cg16523137
chr18	5237581	5237583	cg16316672
chr18	5237767	5237769	cg06808467
chr18	5237830	5237832	cg06700856
chr18	5237922	5237924	cg07808661
chr18	5238137	5238139	cg26998900
chr18	5238183	5238185	cg05390530
chr18	5238200	5238202	cg14291066
chr18	5238219	5238221	cg15258847
chr18	5238310	5238312	cg20757519
chr18	5238589	5238591	cg10885961
chr18	5238608	5238610	cg21311023
chr18	5238708	5238710	cg20134241
chr18	5241864	5241866	cg00106767
chr18	5290099	5290101	cg14577066
chr18	5291607	5291609	cg14925320
chr18	5293279	5293281	cg04319097
chr18	5293319	5293321	cg05528918
chr18	5294772	5294774	cg17056209
chr18	5294815	5294817	cg16776372
chr18	5294883	5294885	cg13763729
chr18	5295760	5295762	cg24498538
chr18	5295771	5295773	cg23894768
chr18	5295775	5295777	cg12787512
chr18	5295791	5295793	cg00102023
chr18	5295803	5295805	cg19285383
chr18	5295805	5295807	cg10870631
chr18	5296027	5296029	cg09557972
chr18	5296031	5296033	cg07305215
chr18	5296141	5296143	cg00745962
chr18	5296200	5296202	cg07796520
chr18	5296331	5296333	cg25282009
chr18	5296708	5296710	cg21349939
chr18	5297098	5297100	cg09785391
chr18	5297381	5297383	cg05422796
chr18	5393019	5393021	cg14090400
chr18	5456880	5456882	cg06459104
chr18	5539428	5539430	cg14075742
chr18	5540805	5540807	cg27082185
chr18	5542743	5542745	cg02926160
chr18	5542879	5542881	cg26790372
chr18	5543271	5543273	cg18543270
chr18	5543548	5543550	cg07352438
chr18	5543801	5543803	cg00027083
chr18	5543878	5543880	cg19579167
chr18	5543945	5543947	cg16304950
chr18	5544031	5544033	cg23847381
chr18	5544089	5544091	cg12967001
chr18	5544099	5544101	cg16622495
chr18	5544153	5544155	cg01673082
chr18	5544169	5544171	cg23564700
chr18	5544208	5544210	cg06550462
chr18	5544231	5544233	cg16924702
chr18	5544237	5544239	cg22335490
chr18	5544661	5544663	cg13034362
chr18	5545169	5545171	cg15528411
chr18	5546794	5546796	cg19120897
chr18	5556629	5556631	cg16648887
chr18	5605013	5605015	cg17813328
chr18	5625382	5625384	cg26884658
chr18	5628160	5628162	cg26086468
chr18	5628325	5628327	cg12757155
chr18	5628468	5628470	cg01065349
chr18	5629180	5629182	cg07003920
chr18	5629249	5629251	cg27112102
chr18	5629371	5629373	cg24496223
chr18	5629683	5629685	cg03718824
chr18	5629890	5629892	cg11064255
chr18	5630016	5630018	cg26170805
chr18	5630072	5630074	cg19275261
chr18	5630348	5630350	cg22091110
chr18	5630428	5630430	cg04684656
chr18	5630951	5630953	cg14874516
chr18	5634551	5634553	cg07893900
chr18	5888060	5888062	cg06977186
chr18	5889750	5889752	cg21663181
chr18	5890293	5890295	cg21447871
chr18	5890496	5890498	cg18139195
chr18	5890838	5890840	cg16086373
chr18	5891001	5891003	cg09366312
chr18	5891602	5891604	cg12899381
chr18	5891948	5891950	cg00058163
chr18	5892119	5892121	cg26438105
chr18	5892213	5892215	cg27093273
chr18	5892245	5892247	cg17586988
chr18	5892753	5892755	cg26544134
chr18	5893441	5893443	cg05258390
chr18	5894665	5894667	cg17018946
chr18	5894801	5894803	cg03353124
chr18	5895006	5895008	cg22147660
chr18	5895225	5895227	cg16480938
chr18	5895513	5895515	cg08651034
chr18	5895539	5895541	cg20523393
chr18	5895990	5895992	cg13674271
chr18	5896071	5896073	cg01283417
chr18	5896267	5896269	cg23841467
chr18	5899990	5899992	cg20513842
chr18	5956002	5956004	cg13431373
chr18	6264520	6264522	cg25912247
chr18	6283067	6283069	cg14123034
chr18	6284379	6284381	cg06855336
chr18	6284382	6284384	cg04213089
chr18	6284460	6284462	cg26420606
chr18	6284498	6284500	cg16377998
chr18	6284570	6284572	cg00669119
chr18	6284896	6284898	cg20452215
chr18	6287052	6287054	cg12090105
chr18	6411387	6411389	cg22163535
chr18	6413908	6413910	cg23718736
chr18	6414330	6414332	cg14155416
chr18	6414446	6414448	cg05724871
chr18	6414602	6414604	cg08336641
chr18	6414958	6414960	cg22058122
chr18	6414974	6414976	cg18556788
chr18	6414976	6414978	cg14352983
chr18	6414978	6414980	cg17688525
chr18	6415087	6415089	cg12924825
chr18	6415118	6415120	cg02731042
chr18	6415183	6415185	cg08007465
chr18	6415232	6415234	cg26120251
chr18	6415252	6415254	cg14693194
chr18	6417130	6417132	cg23623214
chr18	6725960	6725962	cg15037133
chr18	6729810	6729812	cg02824202
chr18	6730036	6730038	cg25688568
chr18	6733414	6733416	cg16734526
chr18	6833417	6833419	cg03026004
chr18	6834653	6834655	cg27314249
chr18	6835382	6835384	cg00402547
chr18	6885601	6885603	cg06165470
chr18	6898679	6898681	cg18863203
chr18	6913353	6913355	cg21664522
chr18	6916835	6916837	cg25321854
chr18	6920190	6920192	cg21834512
chr18	6920624	6920626	cg21978579
chr18	6920686	6920688	cg03403032
chr18	6920873	6920875	cg16655500
chr18	6924586	6924588	cg06738955
chr18	6927133	6927135	cg24168061
chr18	6928912	6928914	cg19929142
chr18	6929476	6929478	cg21898673
chr18	6929701	6929703	cg08595268
chr18	6929790	6929792	cg16919456
chr18	6930087	6930089	cg06303224
chr18	6930452	6930454	cg13220723
chr18	6933223	6933225	cg19531351
chr18	6986217	6986219	cg18008372
chr18	7007443	7007445	cg11907607
chr18	7011217	7011219	cg22220710
chr18	7011268	7011270	cg03691722
chr18	7011388	7011390	cg05836043
chr18	7011463	7011465	cg19738980
chr18	7012277	7012279	cg02827082
chr18	7013954	7013956	cg12627371
chr18	7026502	7026504	cg02815025
chr18	7038746	7038748	cg06511678
chr18	7038943	7038945	cg18998321
chr18	7104724	7104725	ch.18.152438F
chr18	7114654	7114656	cg16433258
chr18	7116550	7116552	cg21628773
chr18	7116700	7116702	cg23913679
chr18	7116977	7116979	cg22455914
chr18	7117321	7117323	cg12072964
chr18	7117680	7117682	cg07846220
chr18	7117790	7117792	cg18764577
chr18	7118077	7118079	cg03159124
chr18	7118092	7118094	cg19909349
chr18	7118122	7118124	cg14950072
chr18	7122191	7122193	cg22046688
chr18	7229727	7229729	cg06616178
chr18	7230246	7230248	cg13543667
chr18	7230490	7230492	cg03759556
chr18	7231038	7231040	cg15111351
chr18	7231087	7231089	cg10509692
chr18	7231535	7231537	cg16326062
chr18	7554085	7554086	ch.18.164884R
chr18	7563848	7563850	cg01216388
chr18	7566259	7566261	cg25279586
chr18	7566559	7566561	cg07194093
chr18	7566657	7566659	cg22141456
chr18	7566782	7566784	cg16474170
chr18	7567427	7567429	cg05870479
chr18	7567549	7567551	cg11814464
chr18	7567639	7567641	cg03693430
chr18	7567718	7567720	cg07075930
chr18	7567800	7567802	cg19029422
chr18	7568160	7568162	cg23316787
chr18	7568187	7568189	cg01946574
chr18	7568266	7568268	cg03004273
chr18	7568540	7568542	cg24973298
chr18	7568830	7568832	cg24451800
chr18	7568892	7568894	cg15169189
chr18	7680663	7680665	cg25924139
chr18	7717670	7717672	cg12359511
chr18	7979737	7979739	cg18080532
chr18	8069732	8069734	cg13030503
chr18	8364305	8364307	cg14579769
chr18	8366956	8366958	cg23436819
chr18	8367053	8367055	cg11222672
chr18	8367099	8367101	cg13026370
chr18	8367315	8367317	cg23295886
chr18	8367376	8367378	cg02996413
chr18	8367426	8367428	cg25705486
chr18	8367569	8367571	cg12026729
chr18	8367692	8367694	cg12995090
chr18	8367992	8367994	cg03843721
chr18	8370161	8370163	cg00325381
chr18	8406758	8406760	cg12412030
chr18	8605966	8605968	cg15878101
chr18	8608334	8608336	cg07124972
chr18	8608908	8608910	cg12615761
chr18	8609069	8609071	cg02938682
chr18	8609879	8609881	cg03327386
chr18	8610136	8610138	cg01293379
chr18	8610370	8610372	cg04346226
chr18	8612162	8612164	cg18801800
chr18	8612541	8612543	cg12426293
chr18	8626385	8626386	ch.18.189111R
chr18	8638713	8638714	ch.18.189560F
chr18	8638787	8638789	cg16954236
chr18	8656139	8656141	cg21750986
chr18	8657946	8657948	cg00114132
chr18	8658687	8658689	cg05892156
chr18	8659510	8659512	cg00455747
chr18	8659564	8659566	cg19651931
chr18	8659651	8659653	cg14810139
chr18	8659845	8659847	cg12159540
chr18	8659965	8659967	cg19305718
chr18	8660165	8660167	cg25899954
chr18	8662016	8662018	cg12964033
chr18	8662654	8662656	cg19605931
chr18	8702157	8702159	cg15701166
chr18	8704535	8704537	cg12171863
chr18	8704723	8704725	cg02901728
chr18	8705230	8705232	cg14539861
chr18	8705701	8705703	cg01493318
chr18	8705768	8705770	cg13739279
chr18	8706261	8706263	cg26378453
chr18	8706276	8706278	cg13635968
chr18	8706721	8706723	cg19669959
chr18	8706843	8706845	cg08102116
chr18	8707238	8707240	cg14095692
chr18	8707557	8707559	cg15255827
chr18	8708613	8708615	cg12150406
chr18	8710134	8710136	cg07611620
chr18	8717012	8717014	cg05104081
chr18	8717036	8717038	cg13309406
chr18	8717114	8717116	cg26200598
chr18	8717324	8717326	cg27498545
chr18	8717906	8717908	cg19522644
chr18	8717927	8717929	cg07955887
chr18	8718598	8718600	cg13287668
chr18	8781984	8781986	cg00218404
chr18	8782521	8782523	cg00265304
chr18	8783976	8783978	cg14560339
chr18	8784193	8784195	cg20787934
chr18	8784364	8784366	cg21454925
chr18	8785492	8785494	cg06493781
chr18	8786993	8786995	cg25747017
chr18	8789569	8789571	cg01197864
chr18	8800249	8800251	cg26937943
chr18	8800459	8800461	cg22354618
chr18	8819934	8819935	ch.18.196065F
chr18	8830127	8830129	cg12290486
chr18	9017503	9017505	cg06834637
chr18	9017749	9017751	cg07372824
chr18	9099863	9099865	cg26556624
chr18	9102418	9102420	cg14793491
chr18	9102422	9102424	cg19328764
chr18	9102455	9102457	cg21428148
chr18	9102460	9102462	cg18540374
chr18	9102476	9102478	cg19491663
chr18	9102532	9102534	cg14213543
chr18	9102543	9102545	cg20659463
chr18	9102754	9102756	cg19302970
chr18	9102961	9102963	cg18574395
chr18	9103091	9103093	cg17905198
chr18	9105578	9105580	cg15350780
chr18	9132488	9132490	cg06853331
chr18	9135844	9135846	cg15068083
chr18	9136382	9136384	cg22468803
chr18	9136557	9136559	cg07076661
chr18	9136566	9136568	cg16997989
chr18	9136599	9136601	cg15775005
chr18	9136604	9136606	cg21782977
chr18	9136712	9136714	cg19347576
chr18	9136853	9136855	cg02695219
chr18	9137022	9137024	cg25769020
chr18	9137950	9137952	cg26015190
chr18	9141064	9141066	cg19498356
chr18	9261072	9261074	cg16053677
chr18	9282671	9282673	cg05593726
chr18	9331766	9331768	cg12931836
chr18	9333975	9333977	cg03734595
chr18	9334050	9334052	cg23435746
chr18	9334489	9334491	cg24837411
chr18	9334498	9334500	cg02891332
chr18	9334640	9334642	cg16308700
chr18	9334694	9334696	cg07358372
chr18	9334700	9334702	cg15248777
chr18	9334793	9334795	cg22067914
chr18	9335103	9335105	cg06461769
chr18	9335348	9335350	cg18655081
chr18	9335433	9335435	cg14523723
chr18	9338366	9338368	cg25251095
chr18	9380359	9380361	cg03745493
chr18	9400502	9400504	cg18320111
chr18	9471291	9471293	cg20768515
chr18	9474144	9474146	cg21923525
chr18	9474235	9474237	cg13993179
chr18	9474708	9474710	cg15982419
chr18	9474806	9474808	cg18989081
chr18	9474996	9474998	cg16647169
chr18	9475338	9475340	cg05854894
chr18	9475362	9475364	cg09664812
chr18	9475365	9475367	cg00872371
chr18	9475493	9475495	cg25019564
chr18	9475499	9475501	cg22466830
chr18	9475501	9475503	cg12799349
chr18	9475509	9475511	cg06753227
chr18	9475607	9475609	cg16413752
chr18	9476517	9476519	cg03236570
chr18	9478570	9478572	cg19013594
chr18	9478639	9478641	cg15947599
chr18	9478897	9478899	cg12907513
chr18	9479571	9479573	cg05121812
chr18	9481258	9481260	cg21200923
chr18	9535890	9535892	cg16300329
chr18	9536993	9536995	cg13272780
chr18	9547086	9547088	cg07073460
chr18	9614207	9614209	cg03862540
chr18	9614451	9614453	cg03010041
chr18	9615094	9615096	cg25846765
chr18	9615156	9615158	cg14797438
chr18	9615210	9615212	cg11759246
chr18	9704394	9704396	cg05165250
chr18	9707033	9707035	cg27298007
chr18	9707755	9707757	cg18456459
chr18	9707898	9707900	cg17982102
chr18	9708011	9708013	cg13462028
chr18	9708098	9708100	cg24441185
chr18	9708100	9708102	cg26201815
chr18	9708440	9708442	cg16234029
chr18	9708456	9708458	cg04274487
chr18	9708892	9708894	cg14161579
chr18	9708922	9708924	cg03982087
chr18	9709063	9709065	cg14595252
chr18	9709312	9709314	cg13485230
chr18	9709580	9709582	cg17960615
chr18	9712463	9712465	cg13049483
chr18	9860456	9860458	cg12107772
chr18	9884914	9884916	cg18129971
chr18	9885017	9885019	cg06243393
chr18	9885799	9885801	cg14073856
chr18	9885811	9885813	cg05547500
chr18	9886066	9886068	cg11659030
chr18	9886407	9886409	cg20794690
chr18	9887996	9887998	cg02711020
chr18	9911081	9911083	cg26909797
chr18	9912785	9912787	cg02393756
chr18	9912836	9912838	cg01075918
chr18	9913008	9913010	cg14027161
chr18	9913436	9913438	cg24055556
chr18	9913480	9913482	cg24452005
chr18	9913507	9913509	cg00263584
chr18	9913727	9913729	cg19853194
chr18	9913784	9913786	cg09260564
chr18	9913798	9913800	cg25925582
chr18	9913803	9913805	cg23602181
chr18	9913808	9913810	cg03273509
chr18	9914092	9914094	cg15396325
chr18	9914104	9914106	cg25718196
chr18	9914942	9914944	cg16338201
chr18	9914945	9914947	cg07491357
chr18	9915100	9915102	cg09172817
chr18	9915773	9915775	cg20670923
chr18	9917750	9917752	cg14702390
chr18	9929441	9929443	cg13461118
chr18	9936679	9936681	cg19372373
chr18	9959402	9959404	cg06064254
chr18	10029181	10029183	cg07805146
chr18	10032280	10032282	cg13506038
chr18	10032468	10032470	cg16590794
chr18	10032701	10032703	cg03178798
chr18	10032767	10032769	cg16177732
chr18	10033222	10033224	cg14910288
chr18	10035549	10035551	cg06657240
chr18	10127936	10127938	cg27557974
chr18	10131792	10131794	cg13741861
chr18	10131856	10131858	cg05867975
chr18	10132099	10132101	cg18008880
chr18	10134463	10134465	cg07246578
chr18	10410366	10410368	cg27109056
chr18	10413899	10413901	cg24134018
chr18	10414357	10414359	cg02490253
chr18	10414428	10414430	cg21850271
chr18	10414493	10414495	cg16000954
chr18	10414558	10414560	cg26034025
chr18	10415700	10415702	cg02776300
chr18	10417270	10417272	cg25338818
chr18	10447086	10447088	cg06227763
chr18	10451642	10451644	cg22543291
chr18	10453626	10453628	cg25611723
chr18	10453971	10453973	cg06825512
chr18	10454087	10454089	cg19264571
chr18	10454683	10454685	cg01499217
chr18	10454686	10454688	cg05627083
chr18	10454991	10454993	cg24704123
chr18	10455185	10455187	cg13814374
chr18	10455465	10455467	cg26328002
chr18	10456117	10456119	cg14623989
chr18	10456939	10456941	cg03310046
chr18	10457387	10457389	cg06077443
chr18	10469011	10469013	cg15737386
chr18	10470433	10470435	cg02892295
chr18	10471659	10471661	cg13462387
chr18	10471791	10471793	cg18821137
chr18	10471857	10471859	cg14083149
chr18	10471868	10471870	cg04229487
chr18	10472984	10472986	cg02839071
chr18	10474526	10474528	cg03396005
chr18	10488231	10488233	cg18208602
chr18	10523079	10523081	cg12955111
chr18	10524511	10524513	cg05199682
chr18	10524912	10524914	cg07392482
chr18	10525449	10525451	cg25587662
chr18	10525739	10525741	cg06479653
chr18	10525765	10525767	cg21707323
chr18	10525825	10525827	cg14064262
chr18	10525844	10525846	cg07886144
chr18	10525852	10525854	cg12667888
chr18	10525883	10525885	cg17903428
chr18	10526140	10526142	cg05312338
chr18	10526344	10526346	cg27275115
chr18	10526434	10526436	cg01442193
chr18	10526495	10526497	cg13121605
chr18	10529738	10529740	cg05775542
chr18	10550305	10550307	cg26847156
chr18	10586848	10586850	cg25543173
chr18	10588982	10588984	cg03148503
chr18	10589152	10589154	cg05000761
chr18	10589171	10589173	cg16765600
chr18	10589359	10589361	cg07277756
chr18	10589362	10589364	cg25239095
chr18	10590641	10590643	cg03778258
chr18	10593000	10593002	cg12240828
chr18	10697033	10697035	cg03426225
chr18	10698045	10698047	cg21165219
chr18	10723695	10723697	cg13734996
chr18	10725249	10725251	cg20851748
chr18	10726261	10726263	cg05478452
chr18	10726519	10726521	cg21050234
chr18	10726667	10726669	cg16969586
chr18	10726864	10726866	cg24879209
chr18	10727385	10727387	cg20479672
chr18	10727600	10727602	cg13429270
chr18	10730119	10730121	cg21045164
chr18	10791506	10791508	cg00335802
chr18	10955105	10955107	cg14570051
chr18	11146255	11146257	cg15648792
chr18	11147146	11147148	cg05331731
chr18	11147385	11147387	cg06268875
chr18	11147785	11147787	cg12049992
chr18	11148510	11148512	cg00525823
chr18	11148682	11148684	cg22374057
chr18	11148769	11148771	cg24362812
chr18	11148776	11148778	cg23556443
chr18	11148783	11148785	cg10023530
chr18	11148832	11148834	cg25995825
chr18	11148914	11148916	cg03602280
chr18	11148932	11148934	cg12951849
chr18	11149068	11149070	cg10567810
chr18	11149435	11149437	cg03117976
chr18	11149470	11149472	cg03686593
chr18	11149763	11149765	cg06510438
chr18	11149841	11149843	cg02664349
chr18	11150043	11150045	cg12673429
chr18	11150784	11150786	cg06127719
chr18	11151283	11151285	cg00432659
chr18	11151764	11151766	cg12569880
chr18	11153912	11153914	cg11841867
chr18	11269050	11269052	cg19778822
chr18	11519034	11519036	cg12499062
chr18	11590106	11590107	ch.18.265776F
chr18	11662283	11662285	cg14024243
chr18	11685789	11685791	cg16314538
chr18	11688008	11688010	cg05153057
chr18	11688011	11688013	cg14371329
chr18	11688772	11688774	cg24858440
chr18	11688972	11688974	cg19338842
chr18	11688988	11688990	cg06070749
chr18	11689024	11689026	cg19488391
chr18	11689032	11689034	cg02931159
chr18	11689062	11689064	cg12253819
chr18	11689206	11689208	cg15616946
chr18	11689218	11689220	cg15653282
chr18	11689284	11689286	cg09331011
chr18	11689613	11689615	cg12585806
chr18	11690145	11690147	cg22318872
chr18	11692420	11692422	cg25952615
chr18	11749182	11749184	cg14735704
chr18	11751343	11751345	cg12327405
chr18	11751352	11751354	cg06595595
chr18	11751413	11751415	cg03417884
chr18	11751516	11751518	cg20059140
chr18	11751556	11751558	cg11920122
chr18	11751566	11751568	cg14612428
chr18	11752089	11752091	cg25958283
chr18	11752215	11752217	cg10068300
chr18	11752538	11752540	cg06522054
chr18	11752592	11752594	cg25400229
chr18	11752904	11752906	cg15069823
chr18	11755774	11755776	cg00595212
chr18	11818701	11818703	cg24721056
chr18	11821776	11821778	cg00474854
chr18	11821957	11821959	cg14364474
chr18	11821960	11821962	cg21939631
chr18	11822039	11822041	cg05044843
chr18	11822136	11822138	cg01133856
chr18	11823831	11823833	cg13023239
chr18	11849055	11849057	cg24085522
chr18	11850139	11850141	cg16299091
chr18	11850146	11850148	cg02755938
chr18	11850153	11850155	cg18848419
chr18	11850907	11850909	cg19803976
chr18	11851233	11851235	cg26454730
chr18	11851247	11851249	cg11801629
chr18	11851252	11851254	cg00924676
chr18	11851297	11851299	cg20722436
chr18	11851326	11851328	cg25551661
chr18	11851347	11851349	cg27449777
chr18	11851469	11851471	cg15232427
chr18	11851485	11851487	cg27326084
chr18	11851551	11851553	cg19929624
chr18	11851603	11851605	cg24643211
chr18	11851989	11851991	cg05699354
chr18	11852567	11852569	cg25080206
chr18	11855656	11855658	cg01234750
chr18	11872908	11872910	cg18318941
chr18	11877637	11877639	cg23803801
chr18	11879979	11879981	cg07624224
chr18	11880973	11880975	cg13997883
chr18	11881089	11881091	cg24312850
chr18	11881170	11881172	cg03512931
chr18	11881235	11881237	cg23606467
chr18	11883985	11883987	cg20335039
chr18	11884680	11884682	cg25033076
chr18	11908153	11908155	cg01171264
chr18	11908181	11908183	cg02159896
chr18	11908251	11908253	cg09830678
chr18	11908320	11908322	cg06092834
chr18	11908331	11908333	cg05655972
chr18	11908652	11908654	cg27037021
chr18	11908695	11908697	cg00066198
chr18	11908772	11908774	cg24011228
chr18	11908803	11908805	cg16860267
chr18	11908811	11908813	cg13672975
chr18	11908827	11908829	cg14984255
chr18	11908900	11908902	cg19787366
chr18	11909008	11909010	cg16290301
chr18	11909052	11909054	cg13379408
chr18	11909634	11909636	cg14599440
chr18	11912416	11912418	cg11747817
chr18	11945273	11945275	cg12245637
chr18	11947571	11947573	cg25594119
chr18	11947875	11947877	cg00918181
chr18	11947936	11947938	cg24421906
chr18	11948154	11948156	cg07453440
chr18	11948579	11948581	cg20561320
chr18	11950917	11950919	cg06563713
chr18	11978319	11978321	cg20922701
chr18	11980297	11980299	cg11926473
chr18	11980690	11980692	cg00145489
chr18	11980953	11980955	cg00008713
chr18	11980981	11980983	cg21957399
chr18	11981196	11981198	cg04133380
chr18	11981317	11981319	cg11550971
chr18	11981389	11981391	cg15592690
chr18	11981591	11981593	cg12809234
chr18	11981602	11981604	cg19077665
chr18	11982063	11982065	cg00871979
chr18	11982241	11982243	cg16221879
chr18	11985726	11985728	cg25906620
chr18	12030535	12030537	cg03474702
chr18	12035841	12035843	cg18444757
chr18	12038128	12038130	cg03718025
chr18	12038580	12038582	cg04121261
chr18	12038718	12038720	cg06530961
chr18	12039173	12039175	cg10361950
chr18	12039289	12039291	cg14887669
chr18	12041356	12041358	cg17007693
chr18	12041672	12041674	cg14758525
chr18	12064388	12064390	cg20336460
chr18	12067067	12067069	cg23419170
chr18	12068065	12068067	cg04944527
chr18	12068099	12068101	cg06931464
chr18	12068363	12068365	cg26586027
chr18	12068884	12068886	cg12421097
chr18	12072395	12072397	cg23756238
chr18	12073455	12073457	cg21465853
chr18	12076365	12076367	cg13249244
chr18	12076435	12076437	cg02272280
chr18	12076476	12076478	cg18298927
chr18	12077147	12077149	cg15712289
chr18	12090210	12090212	cg18182059
chr18	12092942	12092944	cg06456717
chr18	12093625	12093627	cg21576904
chr18	12093809	12093811	cg24684816
chr18	12095187	12095189	cg07054564
chr18	12097776	12097778	cg18116434
chr18	12250818	12250820	cg00243854
chr18	12253749	12253751	cg18649459
chr18	12253828	12253830	cg14976646
chr18	12253859	12253861	cg23754772
chr18	12254024	12254026	cg19883905
chr18	12254120	12254122	cg26974111
chr18	12254148	12254150	cg03245632
chr18	12254153	12254155	cg18309817
chr18	12254173	12254175	cg12072560
chr18	12254175	12254177	cg00851770
chr18	12254241	12254243	cg21376774
chr18	12254365	12254367	cg15063116
chr18	12254377	12254379	cg20950011
chr18	12254452	12254454	cg21114773
chr18	12254469	12254471	cg12395205
chr18	12254473	12254475	cg17991823
chr18	12254551	12254553	cg07204280
chr18	12254556	12254558	cg16727201
chr18	12254566	12254568	cg05700339
chr18	12254690	12254692	cg00590620
chr18	12254976	12254978	cg07824824
chr18	12255318	12255320	cg12642717
chr18	12258991	12258993	cg15890794
chr18	12267990	12267992	cg15135365
chr18	12271697	12271699	cg05702778
chr18	12271803	12271805	cg01262948
chr18	12271834	12271836	cg19448935
chr18	12274252	12274254	cg17153666
chr18	12277384	12277386	cg14923652
chr18	12283427	12283429	cg12930262
chr18	12287173	12287175	cg12709669
chr18	12287275	12287277	cg18988435
chr18	12287385	12287387	cg16922039
chr18	12287561	12287563	cg15514496
chr18	12288264	12288266	cg16054865
chr18	12291249	12291251	cg23871796
chr18	12304803	12304805	cg13866214
chr18	12306837	12306839	cg25836232
chr18	12307329	12307331	cg16546503
chr18	12307630	12307632	cg07307078
chr18	12307649	12307651	cg03507241
chr18	12308339	12308341	cg25456927
chr18	12308377	12308379	cg20966423
chr18	12308812	12308814	cg22467216
chr18	12309071	12309073	cg16808455
chr18	12322027	12322029	cg18348731
chr18	12324347	12324349	cg22153062
chr18	12325321	12325323	cg12880777
chr18	12325516	12325518	cg07085396
chr18	12325956	12325958	cg14544505
chr18	12326048	12326050	cg13224081
chr18	12326166	12326168	cg12879381
chr18	12329191	12329193	cg05088513
chr18	12374049	12374051	cg05847233
chr18	12374558	12374560	cg18063659
chr18	12376199	12376201	cg13720868
chr18	12376539	12376541	cg24254271
chr18	12376968	12376970	cg13397649
chr18	12377201	12377203	cg24285919
chr18	12377208	12377210	cg02234156
chr18	12377275	12377277	cg20219876
chr18	12377377	12377379	cg16868190
chr18	12377386	12377388	cg06934613
chr18	12377388	12377390	cg25964954
chr18	12377398	12377400	cg16615927
chr18	12377404	12377406	cg20012885
chr18	12378044	12378046	cg03766998
chr18	12380944	12380946	cg19328051
chr18	12404041	12404043	cg11993160
chr18	12407130	12407132	cg27360300
chr18	12407139	12407141	cg15262515
chr18	12407563	12407565	cg15094805
chr18	12407732	12407734	cg14993820
chr18	12407797	12407799	cg07836661
chr18	12407806	12407808	cg24026757
chr18	12407808	12407810	cg24300924
chr18	12407812	12407814	cg15655500
chr18	12408045	12408047	cg12796229
chr18	12408304	12408306	cg12229523
chr18	12410452	12410454	cg26185079
chr18	12418005	12418007	cg06454983
chr18	12420082	12420084	cg20984502
chr18	12420136	12420138	cg07207726
chr18	12420412	12420414	cg18176922
chr18	12420862	12420864	cg00956964
chr18	12421072	12421074	cg16498391
chr18	12423766	12423768	cg03318937
chr18	12429120	12429122	cg11941929
chr18	12429989	12429991	cg25753990
chr18	12431241	12431243	cg16207974
chr18	12431464	12431466	cg26522337
chr18	12431554	12431556	cg22086828
chr18	12432947	12432949	cg05175599
chr18	12433117	12433119	cg21404792
chr18	12433231	12433233	cg18469917
chr18	12434096	12434098	cg08755622
chr18	12434246	12434248	cg13947833
chr18	12434418	12434420	cg06374892
chr18	12434980	12434982	cg12091414
chr18	12435844	12435846	cg19257514
chr18	12437948	12437950	cg01295785
chr18	12449168	12449170	cg25051052
chr18	12455633	12455635	cg06306636
chr18	12646025	12646027	cg14883070
chr18	12654742	12654744	cg17041861
chr18	12656824	12656826	cg13924974
chr18	12656910	12656912	cg06204638
chr18	12657056	12657058	cg15920762
chr18	12657166	12657168	cg26230516
chr18	12657692	12657694	cg01932632
chr18	12657749	12657751	cg09829700
chr18	12657909	12657911	cg07897354
chr18	12658233	12658235	cg05490642
chr18	12658644	12658646	cg07097041
chr18	12659100	12659102	cg14126777
chr18	12661496	12661498	cg03463303
chr18	12672632	12672634	cg18401262
chr18	12699646	12699648	cg06740311
chr18	12701670	12701672	cg14113931
chr18	12702185	12702187	cg24458288
chr18	12702659	12702661	cg03615207
chr18	12702739	12702741	cg20795550
chr18	12702742	12702744	cg03398303
chr18	12702765	12702767	cg24411723
chr18	12702791	12702793	cg12589526
chr18	12702795	12702797	cg02201963
chr18	12702819	12702821	cg16477317
chr18	12702832	12702834	cg19317265
chr18	12702964	12702966	cg03657485
chr18	12703040	12703042	cg14160804
chr18	12703057	12703059	cg02277819
chr18	12703072	12703074	cg26070636
chr18	12703241	12703243	cg18620396
chr18	12704161	12704163	cg11688990
chr18	12705819	12705821	cg27291051
chr18	12774005	12774007	cg00832491
chr18	12775841	12775843	cg20581490
chr18	12777645	12777647	cg23598886
chr18	12777786	12777788	cg23544223
chr18	12777974	12777976	cg09945482
chr18	12778029	12778031	cg24737193
chr18	12779790	12779792	cg12376055
chr18	12780803	12780805	cg24210426
chr18	12785725	12785727	cg20568510
chr18	12794178	12794180	cg16491233
chr18	12846626	12846628	cg23460070
chr18	12880767	12880769	cg13431464
chr18	12883603	12883605	cg07157506
chr18	12884062	12884064	cg03089945
chr18	12884064	12884066	cg13341454
chr18	12884175	12884177	cg04510262
chr18	12884517	12884519	cg13920818
chr18	12884564	12884566	cg14013604
chr18	12884567	12884569	cg05409111
chr18	12885569	12885571	cg15873449
chr18	12887356	12887358	cg14460377
chr18	12894048	12894050	cg03540197
chr18	12896164	12896166	cg21149466
chr18	12896925	12896927	cg06023279
chr18	12896951	12896953	cg07510885
chr18	12898525	12898527	cg19268943
chr18	12899295	12899297	cg20349435
chr18	12907446	12907448	cg06211243
chr18	12910904	12910906	cg24889157
chr18	12911027	12911029	cg07311956
chr18	12911138	12911140	cg25356164
chr18	12911359	12911361	cg17170354
chr18	12911528	12911530	cg07758738
chr18	12911711	12911713	cg01713272
chr18	12912338	12912340	cg00316875
chr18	12912703	12912705	cg15227544
chr18	12913133	12913135	cg24209723
chr18	12944243	12944245	cg00533418
chr18	12947066	12947068	cg21667248
chr18	12947517	12947519	cg16357287
chr18	12947632	12947634	cg10504390
chr18	12947723	12947725	cg22185043
chr18	12947850	12947852	cg13905342
chr18	12947925	12947927	cg24017470
chr18	12947930	12947932	cg06262302
chr18	12947942	12947944	cg07667115
chr18	12947957	12947959	cg11877228
chr18	12948023	12948025	cg12802356
chr18	12948029	12948031	cg14849639
chr18	12948235	12948237	cg21711672
chr18	12948330	12948332	cg07891619
chr18	12948653	12948655	cg13805608
chr18	12948780	12948782	cg25043559
chr18	12951186	12951188	cg22327802
chr18	12960554	12960555	ch.18.308031F
chr18	12987221	12987223	cg11960784
chr18	12991013	12991015	cg03016638
chr18	12991062	12991064	cg21663539
chr18	12991151	12991153	cg00686761
chr18	12991164	12991166	cg07651364
chr18	12991346	12991348	cg22358856
chr18	12991350	12991352	cg20946340
chr18	12991352	12991354	cg06778641
chr18	12991623	12991625	cg02838932
chr18	12991827	12991829	cg19877371
chr18	12995358	12995360	cg27267143
chr18	13026680	13026682	cg12256941
chr18	13050953	13050954	ch.18.310800R
chr18	13075025	13075026	ch.18.311714R
chr18	13133368	13133370	cg12848697
chr18	13136340	13136342	cg00430895
chr18	13136426	13136428	cg19174643
chr18	13136597	13136599	cg04338652
chr18	13136899	13136901	cg11652668
chr18	13137129	13137131	cg13941589
chr18	13137315	13137317	cg13108890
chr18	13138034	13138036	cg22550229
chr18	13139942	13139944	cg25181907
chr18	13213606	13213608	cg21801445
chr18	13216522	13216524	cg05928448
chr18	13217095	13217097	cg12836085
chr18	13217419	13217421	cg21753023
chr18	13217421	13217423	cg05900883
chr18	13217819	13217821	cg25846285
chr18	13217953	13217955	cg08104527
chr18	13218443	13218445	cg05928051
chr18	13218595	13218597	cg18106189
chr18	13218607	13218609	cg21349637
chr18	13218816	13218818	cg04633384
chr18	13218884	13218886	cg00832308
chr18	13219222	13219224	cg26463621
chr18	13219225	13219227	cg01597553
chr18	13222581	13222583	cg01041239
chr18	13229005	13229006	ch.18.316502R
chr18	13259088	13259090	cg21683390
chr18	13260398	13260400	cg06825661
chr18	13262344	13262346	cg15258649
chr18	13262434	13262436	cg23768505
chr18	13262750	13262752	cg19804182
chr18	13263188	13263190	cg19772897
chr18	13264645	13264647	cg12596487
chr18	13267090	13267092	cg21737421
chr18	13300968	13300970	cg14505616
chr18	13375474	13375476	cg26700919
chr18	13375540	13375542	cg21243597
chr18	13384001	13384003	cg05501327
chr18	13385744	13385746	cg00166275
chr18	13387423	13387425	cg23450399
chr18	13387658	13387660	cg20795680
chr18	13388219	13388221	cg13619896
chr18	13390440	13390442	cg07522372
chr18	13498947	13498949	cg14921533
chr18	13499673	13499675	cg24156537
chr18	13501701	13501703	cg19455642
chr18	13502053	13502055	cg23508887
chr18	13611370	13611372	cg14825976
chr18	13611400	13611402	cg25374649
chr18	13611439	13611441	cg22454011
chr18	13611481	13611483	cg14846965
chr18	13611489	13611491	cg15056105
chr18	13611807	13611809	cg00737978
chr18	13611824	13611826	cg24404630
chr18	13619524	13619526	cg01299279
chr18	13619641	13619643	cg24780966
chr18	13619690	13619692	cg27107110
chr18	13620807	13620809	cg18406792
chr18	13620827	13620829	cg07433769
chr18	13620903	13620905	cg20572915
chr18	13638936	13638938	cg19548763
chr18	13641529	13641531	cg25140190
chr18	13641735	13641737	cg01022219
chr18	13641872	13641874	cg19389293
chr18	13641894	13641896	cg04967578
chr18	13642414	13642416	cg23742669
chr18	13643516	13643518	cg06883868
chr18	13649597	13649599	cg22425568
chr18	13663875	13663877	cg16674618
chr18	13681026	13681028	cg27439474
chr18	13722236	13722238	cg19893834
chr18	13725923	13725925	cg26005705
chr18	13725980	13725982	cg06113939
chr18	13726491	13726493	cg12813323
chr18	13726497	13726499	cg00448482
chr18	13726504	13726506	cg21861644
chr18	13726506	13726508	cg09685104
chr18	13726605	13726607	cg12953443
chr18	13726609	13726611	cg00118684
chr18	13726612	13726614	cg20648939
chr18	13726614	13726616	cg13292458
chr18	13726739	13726741	cg05359465
chr18	13726784	13726786	cg06058395
chr18	13726864	13726866	cg00178790
chr18	13727142	13727144	cg25198085
chr18	13727230	13727232	cg16735821
chr18	13730665	13730667	cg23679819
chr18	13756072	13756074	cg24451141
chr18	13763868	13763870	cg15808472
chr18	13798832	13798834	cg22271353
chr18	13799623	13799625	cg19331067
chr18	13801010	13801012	cg27153492
chr18	13801143	13801145	cg03156904
chr18	13801222	13801224	cg05490993
chr18	13801271	13801273	cg00963654
chr18	13803442	13803444	cg03530537
chr18	13821885	13821887	cg22369607
chr18	13822384	13822386	cg00305947
chr18	13824002	13824004	cg14241323
chr18	13824072	13824074	cg15966876
chr18	13824359	13824361	cg12853521
chr18	13824396	13824398	cg14630382
chr18	13826256	13826258	cg25590438
chr18	13826399	13826401	cg14179575
chr18	13826508	13826510	cg16515500
chr18	13826671	13826673	cg14219111
chr18	13827738	13827740	cg05331334
chr18	13828548	13828550	cg05409967
chr18	13868447	13868449	cg12513505
chr18	13868562	13868564	cg19851594
chr18	13868824	13868826	cg27031837
chr18	13869025	13869027	cg01269718
chr18	13869381	13869383	cg12424534
chr18	13870585	13870587	cg26749245
chr18	13871104	13871106	cg15534052
chr18	13871595	13871597	cg14744743
chr18	13884152	13884154	cg25924472
chr18	13884969	13884971	cg26344168
chr18	13914358	13914360	cg05779523
chr18	13915006	13915008	cg11564670
chr18	13915573	13915575	cg24922596
chr18	13915583	13915585	cg05667256
chr18	13916113	13916115	cg20494779
chr18	13916330	13916332	cg03664443
chr18	13916355	13916357	cg00335286
chr18	14129214	14129216	cg23655210
chr18	14131092	14131094	cg00263856
chr18	14132207	14132209	cg02717437
chr18	14132366	14132368	cg02827729
chr18	14132440	14132442	cg15999899
chr18	14132481	14132483	cg12794269
chr18	14132536	14132538	cg19328814
chr18	14132538	14132540	cg20649848
chr18	14132553	14132555	cg13816282
chr18	14132582	14132584	cg23784912
chr18	14132697	14132699	cg00691206
chr18	14136332	14136334	cg05621217
chr18	14143658	14143660	cg15721020
chr18	14145866	14145868	cg26508928
chr18	14146395	14146397	cg21066415
chr18	14146537	14146539	cg16325382
chr18	14146627	14146629	cg11712459
chr18	14147011	14147013	cg26000693
chr18	14149419	14149421	cg15292688
chr18	14176501	14176503	cg01113448
chr18	14178811	14178813	cg14959820
chr18	14178949	14178951	cg24403268
chr18	14179364	14179366	cg06285911
chr18	14179678	14179680	cg19950017
chr18	14336021	14336023	cg02930356
chr18	14336295	14336297	cg07740199
chr18	14336385	14336387	cg25208258
chr18	14337375	14337377	cg15705732
chr18	14339871	14339873	cg06294976
chr18	14378365	14378367	cg05141384
chr18	14378524	14378526	cg02263426
chr18	14378826	14378828	cg12865953
chr18	14389925	14389927	cg05131479
chr18	14392503	14392505	cg14463346
chr18	14393244	14393246	cg19881174
chr18	14393507	14393509	cg20898922
chr18	14393997	14393999	cg24355240
chr18	14396583	14396585	cg06839602
chr18	14427976	14427978	cg27509125
chr18	14430602	14430604	cg14768765
chr18	14430704	14430706	cg02690169
chr18	14430708	14430710	cg18789636
chr18	14431211	14431213	cg15118105
chr18	14431318	14431320	cg20238412
chr18	14435120	14435122	cg18237594
chr18	14447545	14447547	cg26320173
chr18	14450194	14450196	cg06902524
chr18	14450199	14450201	cg02044327
chr18	14450415	14450417	cg24990321
chr18	14450799	14450801	cg02988422
chr18	14451035	14451037	cg23986550
chr18	14455307	14455309	cg00974107
chr18	14457820	14457822	cg24883219
chr18	14458161	14458163	cg13472503
chr18	14458692	14458694	cg00678322
chr18	14458927	14458929	cg23827972
chr18	14459044	14459046	cg06815579
chr18	14459174	14459176	cg05525305
chr18	14461159	14461161	cg00261099
chr18	14470687	14470689	cg12197573
chr18	14473877	14473879	cg17879648
chr18	14475532	14475534	cg20206173
chr18	14478401	14478403	cg02732974
chr18	14486026	14486028	cg07423399
chr18	14487209	14487211	cg23320334
chr18	14488053	14488055	cg12749280
chr18	14489728	14489730	cg06691490
chr18	14499446	14499448	cg22197934
chr18	14511955	14511957	cg18373365
chr18	14543161	14543163	cg06767136
chr18	14543469	14543471	cg06222979
chr18	14543710	14543712	cg18934713
chr18	14543768	14543770	cg03953077
chr18	14543867	14543869	cg22276251
chr18	14544733	14544735	cg20349574
chr18	14545004	14545006	cg03058466
chr18	14747036	14747038	cg14754243
chr18	14747080	14747082	cg27026585
chr18	14747082	14747084	cg15231809
chr18	14747661	14747663	cg16770238
chr18	14747888	14747890	cg16584393
chr18	14747928	14747930	cg02105152
chr18	14748128	14748130	cg25824760
chr18	14748198	14748200	cg23703062
chr18	14748220	14748222	cg13266435
chr18	14748230	14748232	cg21293934
chr18	14748250	14748252	cg24061208
chr18	14748285	14748287	cg03014326
chr18	14748298	14748300	cg21281009
chr18	14748439	14748441	cg02992546
chr18	14994549	14994551	cg03255847
chr18	14995595	14995597	cg26491431
chr18	14997652	14997654	cg25053275
chr18	14998120	14998122	cg00231812
chr18	14998212	14998214	cg02069181
chr18	14998834	14998836	cg25284710
chr18	14999178	14999180	cg12380867
chr18	14999803	14999805	cg03651292
chr18	15000434	15000436	cg00047162
chr18	15001854	15001856	cg19406956
chr18	15003734	15003736	cg27385734
chr18	15161139	15161141	cg00957686
chr18	15164423	15164425	cg06600404
chr18	15165202	15165204	cg15534507
chr18	15165341	15165343	cg25907645
chr18	15168615	15168617	cg26160150
chr18	15195117	15195119	cg00128430
chr18	15197299	15197301	cg05898699
chr18	15197867	15197869	cg00279001
chr18	15198067	15198069	cg01301382
chr18	15198176	15198178	cg05296266
chr18	15198706	15198708	cg19392955
chr18	15201023	15201025	cg16293332
chr18	15315944	15315946	cg03490923
chr18	15326010	15326012	cg26498132
chr18	15330309	15330311	cg25624023
chr18	15330632	15330634	cg07836478
chr18	15331081	15331083	cg10711255
chr18	15331094	15331096	cg13625045
chr18	15331495	15331497	cg23427973
chr18	20662372	20662374	cg21043691
chr18	20662399	20662401	cg26550149
chr18	20662528	20662530	cg25628762
chr18	20672411	20672413	cg00501886
chr18	20678851	20678853	cg13095732
chr18	20852640	20852642	cg05995555
chr18	20931456	20931458	cg21559117
chr18	20931916	20931918	cg07251568
chr18	20937408	20937410	cg19863980
chr18	20937552	20937554	cg18117326
chr18	20937894	20937896	cg26190375
chr18	20938940	20938942	cg13432228
chr18	20939090	20939092	cg15801361
chr18	20939263	20939265	cg21012380
chr18	20939457	20939459	cg26277023
chr18	20940252	20940254	cg05611177
chr18	20986184	20986186	cg25104648
chr18	21107189	21107191	cg05835414
chr18	21110829	21110831	cg07557796
chr18	21110881	21110883	cg09449490
chr18	21111105	21111107	cg22792432
chr18	21111120	21111122	cg07142961
chr18	21111689	21111691	cg25615024
chr18	21111743	21111745	cg05451413
chr18	21111956	21111958	cg26417871
chr18	21111969	21111971	cg23882285
chr18	21111990	21111992	cg23360087
chr18	21112002	21112004	cg25789679
chr18	21112011	21112013	cg19880977
chr18	21112042	21112044	cg25956256
chr18	21112066	21112068	cg01195198
chr18	21112322	21112324	cg05175333
chr18	21115662	21115664	cg14878302
chr18	21238154	21238156	cg03751734
chr18	21241366	21241368	cg03536375
chr18	21241422	21241424	cg04704878
chr18	21241427	21241429	cg20726001
chr18	21241951	21241953	cg06711831
chr18	21242009	21242011	cg13366352
chr18	21242161	21242163	cg18914514
chr18	21242617	21242619	cg05109245
chr18	21242675	21242677	cg03735496
chr18	21242855	21242857	cg01562349
chr18	21242965	21242967	cg12473406
chr18	21243032	21243034	cg01655831
chr18	21243145	21243147	cg14034197
chr18	21243287	21243289	cg07653946
chr18	21243547	21243549	cg26518100
chr18	21444910	21444912	cg07490808
chr18	21529534	21529536	cg00018044
chr18	21534090	21534092	cg27434584
chr18	21596409	21596411	cg21321768
chr18	21599986	21599988	cg00572356
chr18	21600400	21600402	cg16139199
chr18	21600708	21600710	cg13517398
chr18	21600805	21600807	cg19930057
chr18	21600811	21600813	cg23453420
chr18	21600816	21600818	cg20640305
chr18	21600848	21600850	cg11772151
chr18	21600861	21600863	cg03357540
chr18	21600871	21600873	cg21790764
chr18	21600958	21600960	cg19959005
chr18	21601063	21601065	cg22310062
chr18	21602213	21602215	cg00439735
chr18	21603133	21603135	cg23872389
chr18	21610167	21610169	cg13409148
chr18	21611649	21611651	cg26212229
chr18	21611756	21611758	cg22215678
chr18	21612137	21612139	cg16467656
chr18	21612182	21612184	cg14258243
chr18	21612195	21612197	cg25517211
chr18	21612309	21612311	cg12713893
chr18	21612346	21612348	cg12351856
chr18	21612422	21612424	cg17797182
chr18	21612540	21612542	cg21774115
chr18	21682614	21682616	cg05766064
chr18	21682857	21682859	cg25890168
chr18	21703306	21703308	cg05948372
chr18	21704486	21704488	cg26538468
chr18	21704751	21704753	cg26203055
chr18	21704834	21704836	cg27109614
chr18	21704841	21704843	cg18756868
chr18	21704855	21704857	cg16720675
chr18	21704859	21704861	cg25680245
chr18	21704869	21704871	cg06967703
chr18	21704986	21704988	cg13628146
chr18	21705025	21705027	cg05378295
chr18	21705046	21705048	cg15533222
chr18	21705089	21705091	cg10690887
chr18	21705374	21705376	cg03393602
chr18	21707591	21707593	cg19566962
chr18	21738534	21738536	cg20082618
chr18	21740576	21740578	cg12985418
chr18	21740841	21740843	cg12658129
chr18	21741168	21741170	cg09436871
chr18	21741171	21741173	cg06030229
chr18	21741744	21741746	cg25291907
chr18	21743371	21743373	cg06891858
chr18	21744797	21744799	cg18638389
chr18	21825746	21825748	cg15671915
chr18	21826059	21826061	cg21024311
chr18	21826803	21826805	cg07202461
chr18	21829202	21829204	cg06865629
chr18	21830188	21830190	cg17106157
chr18	21865509	21865511	cg07178008
chr18	21896843	21896845	cg16503797
chr18	21896902	21896904	cg18348654
chr18	21896908	21896910	cg21235532
chr18	21896997	21896999	cg10092257
chr18	21897097	21897099	cg07669403
chr18	21898033	21898035	cg27145096
chr18	21900785	21900787	cg23691771
chr18	22164161	22164163	cg00525392
chr18	22164732	22164734	cg02962521
chr18	22165354	22165356	cg00740088
chr18	22165496	22165498	cg17959327
chr18	22166080	22166082	cg25283029
chr18	22166991	22166993	cg15696634
chr18	22167262	22167264	cg03183058
chr18	22167789	22167791	cg11827086
chr18	22168173	22168175	cg18632712
chr18	22169176	22169178	cg14913969
chr18	22169206	22169208	cg17995867
chr18	22169414	22169416	cg19496782
chr18	22169433	22169435	cg03473387
chr18	22169542	22169544	cg00940278
chr18	22169573	22169575	cg07361491
chr18	22169578	22169580	cg16485682
chr18	22170903	22170905	cg22446331
chr18	22170947	22170949	cg02634712
chr18	22171373	22171375	cg23267759
chr18	22172330	22172332	cg14439622
chr18	22172381	22172383	cg09507790
chr18	22172400	22172402	cg24753061
chr18	22172452	22172454	cg19177125
chr18	22173246	22173248	cg20921890
chr18	22173470	22173472	cg16204205
chr18	22175539	22175541	cg21684845
chr18	22176620	22176622	cg27592331
chr18	22176915	22176917	cg12615165
chr18	22177054	22177056	cg13427880
chr18	22177060	22177062	cg02360939
chr18	22177506	22177508	cg15424989
chr18	22177928	22177930	cg26987699
chr18	22178259	22178261	cg14880184
chr18	22197342	22197344	cg12306367
chr18	22200623	22200625	cg13937164
chr18	22200680	22200682	cg20880080
chr18	22200764	22200766	cg12026967
chr18	22200914	22200916	cg00148892
chr18	22204608	22204610	cg21942150
chr18	22345611	22345613	cg16071681
chr18	22347002	22347004	cg20082877
chr18	22347161	22347163	cg14799457
chr18	22348511	22348513	cg16235274
chr18	22349054	22349056	cg20239584
chr18	22349088	22349090	cg24785067
chr18	22349553	22349555	cg21685776
chr18	22352168	22352170	cg14074970
chr18	22415505	22415507	cg13935928
chr18	22417839	22417841	cg02847216
chr18	22417900	22417902	cg24261644
chr18	22417948	22417950	cg00655184
chr18	22417960	22417962	cg12291059
chr18	22418005	22418007	cg02958004
chr18	22418044	22418046	cg06580065
chr18	22418046	22418048	cg10421192
chr18	22418054	22418056	cg20586124
chr18	22418085	22418087	cg26397391
chr18	22418962	22418964	cg24445674
chr18	22418987	22418989	cg07123290
chr18	22557485	22557487	cg16529323
chr18	22559478	22559480	cg07114353
chr18	22559678	22559680	cg12429953
chr18	22559911	22559913	cg01676182
chr18	22559949	22559951	cg05760402
chr18	22560281	22560283	cg17940821
chr18	22563359	22563361	cg20983609
chr18	22815286	22815287	ch.18.400468R
chr18	22929968	22929970	cg23717725
chr18	22932896	22932898	cg19304407
chr18	22933087	22933089	cg21518938
chr18	22933116	22933118	cg14157947
chr18	22933135	22933137	cg02863476
chr18	22933156	22933158	cg15770728
chr18	22933160	22933162	cg20891565
chr18	22933172	22933174	cg16801093
chr18	22933183	22933185	cg25678532
chr18	22933468	22933470	cg11840168
chr18	22933703	22933705	cg06299186
chr18	22933709	22933711	cg23530053
chr18	22933734	22933736	cg18748973
chr18	22933749	22933751	cg05305025
chr18	22933778	22933780	cg05513509
chr18	22933795	22933797	cg21074855
chr18	22933947	22933949	cg20573396
chr18	22934067	22934069	cg08188828
chr18	22951501	22951503	cg24220212
chr18	23132020	23132022	cg05055760
chr18	23133509	23133511	cg19786422
chr18	23133794	23133796	cg22158648
chr18	23134252	23134254	cg00455327
chr18	23134367	23134369	cg00751332
chr18	23134434	23134436	cg06340447
chr18	23134463	23134465	cg05384868
chr18	23134520	23134522	cg19476622
chr18	23134531	23134533	cg20786131
chr18	23135075	23135077	cg13495850
chr18	23135383	23135385	cg11859316
chr18	23135439	23135441	cg18519927
chr18	23135444	23135446	cg13412866
chr18	23136470	23136472	cg11082907
chr18	23136486	23136488	cg26610812
chr18	23136580	23136582	cg17143518
chr18	23137026	23137028	cg06230674
chr18	23137446	23137448	cg26052586
chr18	23137728	23137730	cg26551026
chr18	23138336	23138338	cg15757853
chr18	23155040	23155042	cg18793086
chr18	23155154	23155156	cg13525835
chr18	23155572	23155574	cg26136497
chr18	23155683	23155685	cg13313047
chr18	23155707	23155709	cg24964110
chr18	23155728	23155730	cg20759047
chr18	23155969	23155971	cg07716322
chr18	23231443	23231445	cg01288184
chr18	23231835	23231837	cg25221092
chr18	23259988	23259990	cg06914048
chr18	23297821	23297823	cg00423679
chr18	23302814	23302816	cg27638057
chr18	23336370	23336372	cg16206090
chr18	23434056	23434058	cg15283212
chr18	23437524	23437526	cg02722429
chr18	23437651	23437653	cg02366059
chr18	23437769	23437771	cg01195433
chr18	23437845	23437847	cg25005235
chr18	23437940	23437942	cg01029302
chr18	23438009	23438011	cg01968530
chr18	23438252	23438254	cg27184585
chr18	23438597	23438599	cg25436157
chr18	23438759	23438761	cg17249268
chr18	23441163	23441165	cg18903134
chr18	23451021	23451023	cg25515450
chr18	23452357	23452359	cg18177659
chr18	23452481	23452483	cg12802329
chr18	23452809	23452811	cg20796556
chr18	23452814	23452816	cg16942681
chr18	23453107	23453109	cg21515243
chr18	23453269	23453271	cg19223541
chr18	23453295	23453297	cg05812269
chr18	23453461	23453463	cg07851278
chr18	23453691	23453693	cg00306421
chr18	23453858	23453860	cg23416740
chr18	23457326	23457328	cg21481021
chr18	23499416	23499418	cg15535896
chr18	23503036	23503038	cg12709412
chr18	23503246	23503248	cg06952751
chr18	23503288	23503290	cg25768756
chr18	23503476	23503478	cg21659774
chr18	23503491	23503493	cg13096436
chr18	23503494	23503496	cg25105919
chr18	23503530	23503532	cg21938736
chr18	23503676	23503678	cg18175410
chr18	23504028	23504030	cg11922607
chr18	23507587	23507589	cg14672496
chr18	23532140	23532142	cg07507257
chr18	23574295	23574297	cg21243631
chr18	23583207	23583209	cg12709880
chr18	23586126	23586128	cg24737593
chr18	23586208	23586210	cg19385725
chr18	23586367	23586369	cg27179512
chr18	23586715	23586717	cg17926289
chr18	23586733	23586735	cg07778080
chr18	23586753	23586755	cg12268958
chr18	23586757	23586759	cg18498035
chr18	23586797	23586799	cg27060699
chr18	23586934	23586936	cg16882097
chr18	23587552	23587554	cg06830800
chr18	23590159	23590161	cg02871554
chr18	23601077	23601079	cg18832233
chr18	23615700	23615702	cg21330976
chr18	23619132	23619134	cg26522239
chr18	23619550	23619552	cg13421439
chr18	23619726	23619728	cg26822986
chr18	23619832	23619834	cg04164415
chr18	23621028	23621030	cg20894270
chr18	23622302	23622304	cg21435568
chr18	23660242	23660244	cg27440751
chr18	23662354	23662356	cg07121078
chr18	23662380	23662382	cg09085198
chr18	23662463	23662465	cg25386820
chr18	23662514	23662516	cg04004437
chr18	23662957	23662959	cg15434296
chr18	23663564	23663566	cg15393702
chr18	23665082	23665084	cg06131630
chr18	23686769	23686771	cg02984966
chr18	23689115	23689117	cg03774540
chr18	23689139	23689141	cg26654851
chr18	23689200	23689202	cg00481457
chr18	23689445	23689447	cg03865257
chr18	23689807	23689809	cg19886448
chr18	23689828	23689830	cg25009504
chr18	23689937	23689939	cg09874901
chr18	23690383	23690385	cg12390344
chr18	23690589	23690591	cg14894144
chr18	23693944	23693946	cg05941652
chr18	23871598	23871600	cg12182124
chr18	23871642	23871644	cg16113793
chr18	23872765	23872767	cg23931049
chr18	23872823	23872825	cg20937934
chr18	23872854	23872856	cg13270625
chr18	23872864	23872866	cg03634729
chr18	23872879	23872881	cg01152726
chr18	23872930	23872932	cg26485825
chr18	23873166	23873168	cg00710229
chr18	23918728	23918730	cg06475223
chr18	23992657	23992659	cg12639429
chr18	23992669	23992671	cg05401069
chr18	23992691	23992693	cg18719665
chr18	23992783	23992785	cg17205313
chr18	24010167	24010169	cg18334660
chr18	24013209	24013211	cg00287012
chr18	24014056	24014058	cg18429646
chr18	24014079	24014081	cg24242002
chr18	24014205	24014207	cg17736676
chr18	24014220	24014222	cg20799816
chr18	24014238	24014240	cg20530339
chr18	24014267	24014269	cg07179105
chr18	24014285	24014287	cg27600766
chr18	24014496	24014498	cg27166860
chr18	24014610	24014612	cg05805973
chr18	24014999	24015001	cg01465361
chr18	24015196	24015198	cg16441133
chr18	24016950	24016952	cg24331475
chr18	24017491	24017493	cg07205589
chr18	24017540	24017542	cg22330625
chr18	24076409	24076411	cg25952192
chr18	24135342	24135344	cg06586496
chr18	24137721	24137723	cg21978251
chr18	24138493	24138495	cg00012238
chr18	24138770	24138772	cg26920905
chr18	24138802	24138804	cg03026306
chr18	24138814	24138816	cg06241779
chr18	24138859	24138861	cg21903324
chr18	24138898	24138900	cg13133420
chr18	24138922	24138924	cg03638874
chr18	24138928	24138930	cg24928995
chr18	24138992	24138994	cg14121747
chr18	24139009	24139011	cg11956146
chr18	24139014	24139016	cg24447438
chr18	24139298	24139300	cg18988170
chr18	24139321	24139323	cg25364343
chr18	24139387	24139389	cg20022589
chr18	24139416	24139418	cg14416559
chr18	24139468	24139470	cg26349976
chr18	24139584	24139586	cg24703660
chr18	24139603	24139605	cg21026022
chr18	24145766	24145768	cg19966472
chr18	24157619	24157621	cg05926667
chr18	24161527	24161529	cg05060976
chr18	24214799	24214801	cg05709468
chr18	24269268	24269270	cg05339403
chr18	24269447	24269449	cg27638913
chr18	24271490	24271492	cg06997114
chr18	24272153	24272155	cg19925062
chr18	24272348	24272350	cg25928477
chr18	24272360	24272362	cg03384992
chr18	24272362	24272364	cg26398656
chr18	24272368	24272370	cg06593258
chr18	24272471	24272473	cg21840153
chr18	24273489	24273491	cg18593708
chr18	24273546	24273548	cg23742217
chr18	24274556	24274558	cg11976069
chr18	24320206	24320208	cg18253971
chr18	24320573	24320575	cg18288303
chr18	24321625	24321627	cg01962062
chr18	24394258	24394260	cg25704227
chr18	24396783	24396785	cg20528338
chr18	24397375	24397377	cg15211655
chr18	24397743	24397745	cg00027037
chr18	24397833	24397835	cg24997989
chr18	24397909	24397911	cg16716993
chr18	24397982	24397984	cg22416253
chr18	24398008	24398010	cg07403397
chr18	24398053	24398055	cg25983589
chr18	24398055	24398057	cg18632602
chr18	24398144	24398146	cg19301632
chr18	24398256	24398258	cg03178748
chr18	24400421	24400423	cg01074498
chr18	24422807	24422809	cg19272018
chr18	24425423	24425425	cg17853051
chr18	24425802	24425804	cg17865653
chr18	24426124	24426126	cg19830372
chr18	24426351	24426353	cg22757447
chr18	24426405	24426407	cg13981356
chr18	24426481	24426483	cg24275769
chr18	24426490	24426492	cg03400437
chr18	24426508	24426510	cg03143886
chr18	24426515	24426517	cg24949251
chr18	24426531	24426533	cg18332806
chr18	24426549	24426551	cg02241481
chr18	24426656	24426658	cg13865352
chr18	24426661	24426663	cg19083143
chr18	24426770	24426772	cg25619607
chr18	24427024	24427026	cg03013329
chr18	24427306	24427308	cg03614916
chr18	24430396	24430398	cg00894559
chr18	24453264	24453266	cg22061809
chr18	24459531	24459533	cg26442509
chr18	24459892	24459894	cg07283015
chr18	24474021	24474023	cg16126186
chr18	24479561	24479563	cg21886389
chr18	24978460	24978461	ch.18.458692R
chr18	25131647	25131649	cg23818246
chr18	25347489	25347491	cg20299690
chr18	25348262	25348264	cg11729074
chr18	25348621	25348623	cg23238231
chr18	25349240	25349242	cg21183523
chr18	25349442	25349444	cg12338097
chr18	25349843	25349845	cg25015867
chr18	25350306	25350308	cg10416527
chr18	25350318	25350320	cg21678445
chr18	25350580	25350582	cg15743922
chr18	25350919	25350921	cg20743280
chr18	25351038	25351040	cg22501454
chr18	25352111	25352113	cg14783285
chr18	25352121	25352123	cg26991064
chr18	25352444	25352446	cg25381711
chr18	25352485	25352487	cg17133724
chr18	25352708	25352710	cg05366166
chr18	25353731	25353733	cg01875596
chr18	25503727	25503729	cg12839156
chr18	26086179	26086181	cg18242219
chr18	26088799	26088801	cg07090356
chr18	26090332	26090334	cg00861839
chr18	26090553	26090555	cg12456090
chr18	26090748	26090750	cg14663022
chr18	26090756	26090758	cg05146683
chr18	26090813	26090815	cg15060929
chr18	26091094	26091096	cg13022174
chr18	26091114	26091116	cg17187922
chr18	26091299	26091301	cg16511708
chr18	26091340	26091342	cg00625131
chr18	26091346	26091348	cg19948974
chr18	26130785	26130787	cg22536380
chr18	26132434	26132436	cg12866401
chr18	26133442	26133444	cg07428713
chr18	26133630	26133632	cg11858305
chr18	26133661	26133663	cg25983544
chr18	26133692	26133694	cg06377543
chr18	26133764	26133766	cg03162994
chr18	26133776	26133778	cg00262344
chr18	26133873	26133875	cg15865827
chr18	26133963	26133965	cg22027766
chr18	26134044	26134046	cg01070760
chr18	26134119	26134121	cg21248196
chr18	26137807	26137809	cg16558723
chr18	26222708	26222710	cg06820719
chr18	26225748	26225750	cg02833108
chr18	26226224	26226226	cg23398091
chr18	26226263	26226265	cg07446438
chr18	26226282	26226284	cg22500703
chr18	26226298	26226300	cg07268420
chr18	26226319	26226321	cg11592613
chr18	26226344	26226346	cg02918581
chr18	26226466	26226468	cg21755257
chr18	26227105	26227107	cg12376402
chr18	26227320	26227322	cg26527435
chr18	26230775	26230777	cg15592324
chr18	26350575	26350577	cg17035490
chr18	26369725	26369726	ch.18.486455F
chr18	26391236	26391238	cg27514550
chr18	26455631	26455633	cg13312533
chr18	26470318	26470320	cg24128943
chr18	26544080	26544082	cg05840573
chr18	26545444	26545446	cg23777946
chr18	26545974	26545976	cg12776287
chr18	26546107	26546109	cg19738924
chr18	26546396	26546398	cg00044299
chr18	26547272	26547274	cg00868875
chr18	26547623	26547625	cg16547027
chr18	26547910	26547912	cg03740978
chr18	26548151	26548153	cg05176991
chr18	26548490	26548492	cg18757695
chr18	26548541	26548543	cg02901177
chr18	26548592	26548594	cg12918961
chr18	26548658	26548660	cg00742557
chr18	26548660	26548662	cg20002283
chr18	26548897	26548899	cg08057338
chr18	26548909	26548911	cg20382774
chr18	26549301	26549303	cg24045369
chr18	26549350	26549352	cg10301338
chr18	26549597	26549599	cg12851609
chr18	26549712	26549714	cg05800683
chr18	26550302	26550304	cg12075497
chr18	26550402	26550404	cg21739658
chr18	26550485	26550487	cg13181251
chr18	26550668	26550670	cg12881557
chr18	26550874	26550876	cg01065003
chr18	26550886	26550888	cg10096645
chr18	26551150	26551152	cg26704078
chr18	26551414	26551416	cg06206801
chr18	26551639	26551641	cg06844968
chr18	26552173	26552175	cg00702546
chr18	26553486	26553488	cg24965080
chr18	26640575	26640577	cg26755793
chr18	26640772	26640774	cg10539808
chr18	26641211	26641213	cg20876937
chr18	26641280	26641282	cg14798754
chr18	26655001	26655003	cg05855948
chr18	26655753	26655755	cg05798720
chr18	26655888	26655890	cg02952127
chr18	26656333	26656335	cg23204278
chr18	26656535	26656537	cg27577023
chr18	26657095	26657097	cg04857149
chr18	26657280	26657282	cg23352003
chr18	26657675	26657677	cg13594174
chr18	26657828	26657830	cg25071349
chr18	26660850	26660852	cg06490839
chr18	26696499	26696501	cg23387692
chr18	26703410	26703412	cg02137495
chr18	26703704	26703706	cg07108927
chr18	26703719	26703721	cg13758913
chr18	26703731	26703733	cg24667758
chr18	26704012	26704014	cg13886180
chr18	26704669	26704671	cg14495953
chr18	26704681	26704683	cg07651540
chr18	26854652	26854654	cg21592521
chr18	26862508	26862510	cg19181022
chr18	26862706	26862708	cg06811607
chr18	26863297	26863299	cg27468145
chr18	26863333	26863335	cg05533124
chr18	26863379	26863381	cg25410117
chr18	26863764	26863766	cg15976763
chr18	26863884	26863886	cg15671181
chr18	26863940	26863942	cg16617723
chr18	26864231	26864233	cg21962450
chr18	26865169	26865171	cg00729275
chr18	26865275	26865277	cg01292175
chr18	26865297	26865299	cg20782743
chr18	26865353	26865355	cg15976539
chr18	26865727	26865729	cg12445775
chr18	26866346	26866348	cg00042914
chr18	26866479	26866481	cg08594695
chr18	26866983	26866985	cg22295573
chr18	26957098	26957100	cg05300248
chr18	27128125	27128126	ch.18.502248F
chr18	27182351	27182353	cg13523654
chr18	27184634	27184636	cg05624445
chr18	27185001	27185003	cg13533151
chr18	27185154	27185156	cg10363951
chr18	27185189	27185191	cg06619066
chr18	27185508	27185510	cg24228329
chr18	27185520	27185522	cg16933181
chr18	27185525	27185527	cg21895526
chr18	27185678	27185680	cg26807767
chr18	27185816	27185818	cg01960885
chr18	27990180	27990182	cg27105619
chr18	27990244	27990246	cg00964963
chr18	27992674	27992676	cg07775293
chr18	27992692	27992694	cg24776465
chr18	27992709	27992711	cg13269527
chr18	28174336	28174338	cg11963233
chr18	28174892	28174894	cg22332722
chr18	28175346	28175348	cg22322343
chr18	28175643	28175645	cg27593384
chr18	28175676	28175678	cg15698842
chr18	28175882	28175884	cg02935338
chr18	28175977	28175979	cg07635747
chr18	28176368	28176370	cg13845439
chr18	28176545	28176547	cg22679003
chr18	28176692	28176694	cg18171240
chr18	28177237	28177239	cg13464915
chr18	28177246	28177248	cg09313439
chr18	28177473	28177475	cg12208258
chr18	28177590	28177592	cg06090660
chr18	28177745	28177747	cg14312538
chr18	28178194	28178196	cg02840109
chr18	28178465	28178467	cg12169536
chr18	29728695	29728696	ch.18.544831R
chr18	29844783	29844784	ch.18.546433R
chr18	30992483	30992485	cg24245840
chr18	31040948	31040950	cg25769889
chr18	31041523	31041525	cg11814235
chr18	31041684	31041686	cg25970832
chr18	31042018	31042020	cg20029745
chr18	31042057	31042059	cg10794285
chr18	31042233	31042235	cg19967492
chr18	31042507	31042509	cg14719951
chr18	31042626	31042628	cg15439862
chr18	31042736	31042738	cg05987251
chr18	31042844	31042846	cg16492377
chr18	31042846	31042848	cg11722699
chr18	31042909	31042911	cg27648075
chr18	31042945	31042947	cg06263193
chr18	31042951	31042953	cg26861703
chr18	31042973	31042975	cg25789861
chr18	31043073	31043075	cg14631834
chr18	31043093	31043095	cg11832722
chr18	31043123	31043125	cg03017520
chr18	31043192	31043194	cg26497348
chr18	31043907	31043909	cg14534277
chr18	31044107	31044109	cg18220719
chr18	31046030	31046032	cg19681626
chr18	31078076	31078078	cg15538809
chr18	31101157	31101159	cg22017726
chr18	31101725	31101727	cg06973234
chr18	31101998	31102000	cg27051931
chr18	31102265	31102267	cg00196671
chr18	31102381	31102383	cg00566759
chr18	31102444	31102446	cg13870990
chr18	31102533	31102535	cg05110943
chr18	31102864	31102866	cg05662655
chr18	31103461	31103463	cg23512701
chr18	31103830	31103832	cg24505073
chr18	31105835	31105837	cg16207671
chr18	31157324	31157326	cg27444744
chr18	31162669	31162671	cg18356799
chr18	31163110	31163112	cg04180953
chr18	31316616	31316618	cg16850192
chr18	31317149	31317151	cg01337047
chr18	31317250	31317252	cg07703790
chr18	31317408	31317410	cg06045757
chr18	31318008	31318010	cg19415383
chr18	31318380	31318382	cg20099449
chr18	31318943	31318945	cg22386311
chr18	31355687	31355689	cg21983192
chr18	31376270	31376272	cg01176915
chr18	31376844	31376846	cg03761952
chr18	31377147	31377149	cg13445249
chr18	31446337	31446339	cg08555924
chr18	31446339	31446341	cg23521138
chr18	31447694	31447696	cg06559576
chr18	31447737	31447739	cg03238162
chr18	31447781	31447783	cg02903192
chr18	31447921	31447923	cg14871544
chr18	31494696	31494698	cg18472699
chr18	31496640	31496642	cg00144725
chr18	31497734	31497736	cg24682036
chr18	31497899	31497901	cg14311811
chr18	31498277	31498279	cg25894658
chr18	31498514	31498516	cg19056593
chr18	31498601	31498603	cg15259973
chr18	31500301	31500303	cg27422507
chr18	31500631	31500633	cg12596273
chr18	31547127	31547129	cg03595626
chr18	31590640	31590642	cg18038361
chr18	31590964	31590966	cg04008843
chr18	31591581	31591583	cg15666789
chr18	31591914	31591916	cg03180302
chr18	31592013	31592015	cg08521225
chr18	31598490	31598492	cg11802583
chr18	31598978	31598980	cg20428976
chr18	31625394	31625396	cg11986743
chr18	31678833	31678835	cg07331701
chr18	31682157	31682159	cg13083679
chr18	31683777	31683779	cg19203115
chr18	31684087	31684089	cg21674153
chr18	31684288	31684290	cg01090609
chr18	31684467	31684469	cg16304527
chr18	31685523	31685525	cg26725274
chr18	31685876	31685878	cg07027513
chr18	31685878	31685880	cg02930996
chr18	31688773	31688775	cg23888440
chr18	31720694	31720696	cg14203738
chr18	31722564	31722566	cg06247283
chr18	31724147	31724149	cg07064495
chr18	31724289	31724291	cg23239545
chr18	31724518	31724520	cg07702236
chr18	31724854	31724856	cg23878906
chr18	31727995	31727997	cg00417323
chr18	31760824	31760826	cg16965310
chr18	31760938	31760940	cg26489251
chr18	31760952	31760954	cg26890839
chr18	31760955	31760957	cg13199010
chr18	31761878	31761880	cg26908946
chr18	31761901	31761903	cg13627714
chr18	31829648	31829650	cg24193422
chr18	31939843	31939845	cg19502179
chr18	31942298	31942300	cg05737417
chr18	31942470	31942472	cg26302103
chr18	31942764	31942766	cg06681193
chr18	31942993	31942995	cg24711626
chr18	31943099	31943101	cg24713499
chr18	31943114	31943116	cg21603500
chr18	31943307	31943309	cg06942314
chr18	31943313	31943315	cg22144878
chr18	31943325	31943327	cg26463170
chr18	31943416	31943418	cg19283427
chr18	31943453	31943455	cg14118546
chr18	31943462	31943464	cg00098280
chr18	31943764	31943766	cg03054600
chr18	31945928	31945930	cg12144870
chr18	32016394	32016396	cg12138067
chr18	32017514	32017516	cg12358298
chr18	32017529	32017531	cg06123940
chr18	32018332	32018334	cg00940502
chr18	32018436	32018438	cg15823698
chr18	32018469	32018471	cg11314292
chr18	32018473	32018475	cg22465123
chr18	32018733	32018735	cg13760546
chr18	32018793	32018795	cg07608621
chr18	32018955	32018957	cg23397993
chr18	32019160	32019162	cg04306613
chr18	32019385	32019387	cg13631105
chr18	32019812	32019814	cg18101249
chr18	32021653	32021655	cg16929139
chr18	32089261	32089263	cg18808318
chr18	32090432	32090434	cg26178100
chr18	32091484	32091486	cg06033764
chr18	32091654	32091656	cg22141237
chr18	32091803	32091805	cg01045986
chr18	32091808	32091810	cg15380914
chr18	32091833	32091835	cg21027152
chr18	32092020	32092022	cg27556566
chr18	32092486	32092488	cg07234248
chr18	32092494	32092496	cg07866246
chr18	32092504	32092506	cg01090508
chr18	32092571	32092573	cg17854747
chr18	32092585	32092587	cg24471328
chr18	32092591	32092593	cg01288977
chr18	32092772	32092774	cg14866064
chr18	32093282	32093284	cg11759644
chr18	32093314	32093316	cg16078886
chr18	32094908	32094910	cg15452952
chr18	32097122	32097124	cg20338754
chr18	32130816	32130818	cg16292851
chr18	32189568	32189570	cg20102585
chr18	32189889	32189891	cg12602653
chr18	32190117	32190119	cg01941619
chr18	32267827	32267829	cg11951143
chr18	32467772	32467774	cg00232952
chr18	32469352	32469354	cg18515624
chr18	32470362	32470364	cg11393453
chr18	32470367	32470369	cg07398504
chr18	32470374	32470376	cg13559259
chr18	32470434	32470436	cg23954489
chr18	32470841	32470843	cg10116624
chr18	32470854	32470856	cg14087004
chr18	32470895	32470897	cg14279702
chr18	32470908	32470910	cg12692042
chr18	32470932	32470934	cg15367021
chr18	32470943	32470945	cg19193201
chr18	32470946	32470948	cg18926174
chr18	32471048	32471050	cg17880256
chr18	32471050	32471052	cg16596493
chr18	32471212	32471214	cg14482684
chr18	32471219	32471221	cg14385280
chr18	32471248	32471250	cg07306881
chr18	32471287	32471289	cg06335814
chr18	32471304	32471306	cg23914146
chr18	32471344	32471346	cg00576121
chr18	32471356	32471358	cg16458671
chr18	32471363	32471365	cg26427436
chr18	32471372	32471374	cg05503968
chr18	32471410	32471412	cg03812384
chr18	32471557	32471559	cg18968597
chr18	32471571	32471573	cg06910925
chr18	32471574	32471576	cg13596049
chr18	32471600	32471602	cg15065622
chr18	32471608	32471610	cg16477690
chr18	32471667	32471669	cg18086635
chr18	32471771	32471773	cg14177418
chr18	32471839	32471841	cg06972911
chr18	32474277	32474279	cg14919252
chr18	32510902	32510904	cg16566595
chr18	32511271	32511273	cg13340705
chr18	32511485	32511487	cg18930070
chr18	32513007	32513009	cg25304146
chr18	32673180	32673182	cg13847977
chr18	32767591	32767593	cg03477049
chr18	32769147	32769149	cg05134926
chr18	32769512	32769514	cg18049365
chr18	32769936	32769938	cg05784157
chr18	32770257	32770259	cg16501308
chr18	32770477	32770479	cg04209727
chr18	32770971	32770973	cg06485671
chr18	32771013	32771015	cg00389976
chr18	32771250	32771252	cg16016270
chr18	32771378	32771380	cg03513246
chr18	32771508	32771510	cg16967099
chr18	32772019	32772021	cg22648949
chr18	32772333	32772335	cg09381134
chr18	32772541	32772543	cg01679516
chr18	32772818	32772820	cg13353999
chr18	32773011	32773013	cg13476901
chr18	32773016	32773018	cg21501358
chr18	32773036	32773038	cg14891195
chr18	32773109	32773111	cg16342115
chr18	32773161	32773163	cg20162206
chr18	32773276	32773278	cg27014538
chr18	32773319	32773321	cg06591973
chr18	32773735	32773737	cg18774642
chr18	32774346	32774348	cg17196268
chr18	32937701	32937703	cg18130905
chr18	33316411	33316413	cg15870739
chr18	33438492	33438494	cg17085280
chr18	33439981	33439983	cg01199495
chr18	33440453	33440455	cg05332960
chr18	33440546	33440548	cg05245861
chr18	33440662	33440664	cg20820063
chr18	33440789	33440791	cg00625334
chr18	33440841	33440843	cg05994094
chr18	33441008	33441010	cg20615848
chr18	33441038	33441040	cg03478497
chr18	33441100	33441102	cg18382305
chr18	33443603	33443605	cg15374053
chr18	33577696	33577698	cg09963640
chr18	33578140	33578142	cg25582295
chr18	33578269	33578271	cg24880056
chr18	33578532	33578534	cg20329085
chr18	33578562	33578564	cg20034091
chr18	33578575	33578577	cg12361352
chr18	33578584	33578586	cg27109877
chr18	33578866	33578868	cg17880622
chr18	33852152	33852154	cg14307471
chr18	34079690	34079692	cg26529778
chr18	34156654	34156656	cg27324826
chr18	34159237	34159239	cg13721404
chr18	34159242	34159244	cg13611347
chr18	34159458	34159460	cg14002960
chr18	34159556	34159558	cg08141495
chr18	34160131	34160133	cg14401309
chr18	34219819	34219821	cg02896073
chr18	34222106	34222108	cg06734250
chr18	34222454	34222456	cg21016956
chr18	34223102	34223104	cg06722216
chr18	34223276	34223278	cg22095604
chr18	34223489	34223491	cg00884606
chr18	34223493	34223495	cg22287067
chr18	34223650	34223652	cg24248713
chr18	34223668	34223670	cg03045425
chr18	34223709	34223711	cg20914464
chr18	34223871	34223873	cg18114671
chr18	34224600	34224602	cg06609489
chr18	34224758	34224760	cg08195448
chr18	34224777	34224779	cg12911428
chr18	34225186	34225188	cg25794153
chr18	34226612	34226614	cg26125366
chr18	34228001	34228003	cg13011453
chr18	34490310	34490312	cg25203286
chr18	34493051	34493053	cg26146542
chr18	34493147	34493149	cg03238298
chr18	34493280	34493282	cg04836428
chr18	34493497	34493499	cg00119057
chr18	34493501	34493503	cg22646528
chr18	34494286	34494288	cg14134497
chr18	34494459	34494461	cg06246843
chr18	34592033	34592035	cg23406451
chr18	34592521	34592523	cg12827708
chr18	34593119	34593121	cg22009464
chr18	34593128	34593130	cg26530706
chr18	34593241	34593243	cg18420599
chr18	34593262	34593264	cg15610027
chr18	34709385	34709387	cg25784280
chr18	34709509	34709511	cg23286609
chr18	34709585	34709587	cg02790691
chr18	34754491	34754493	cg24182329
chr18	34818059	34818061	cg24946729
chr18	34818216	34818218	cg22291942
chr18	34818281	34818283	cg26210104
chr18	34818322	34818324	cg05629781
chr18	34819022	34819024	cg00602115
chr18	34829277	34829279	cg07414685
chr18	34866578	34866580	cg18517540
chr18	34890079	34890081	cg22227168
chr18	34972893	34972895	cg25477456
chr18	34976139	34976141	cg11672277
chr18	34976661	34976663	cg05891474
chr18	34976690	34976692	cg05735765
chr18	34976795	34976797	cg14369405
chr18	34976829	34976831	cg12682507
chr18	34976839	34976841	cg13808560
chr18	34976867	34976869	cg23791764
chr18	34977062	34977064	cg20923716
chr18	34977301	34977303	cg14309384
chr18	34977917	34977919	cg24692068
chr18	34978087	34978089	cg07326648
chr18	34978101	34978103	cg13550107
chr18	34978147	34978149	cg18138147
chr18	34978404	34978406	cg12482809
chr18	34981852	34981854	cg00449728
chr18	35037391	35037393	cg05541747
chr18	35041085	35041087	cg26888493
chr18	35041118	35041120	cg11663824
chr18	35041123	35041125	cg03658244
chr18	35041259	35041261	cg02925707
chr18	35041262	35041264	cg06196978
chr18	35041300	35041302	cg06157539
chr18	35041327	35041329	cg07020962
chr18	35041347	35041349	cg15057251
chr18	35041350	35041352	cg12771715
chr18	35041783	35041785	cg16317961
chr18	35140335	35140337	cg05351111
chr18	35140490	35140492	cg13349606
chr18	35237362	35237364	cg00985960
chr18	35240120	35240122	cg01768926
chr18	35240689	35240691	cg25916505
chr18	35240696	35240698	cg00451058
chr18	35240714	35240716	cg07643503
chr18	35240957	35240959	cg18885387
chr18	35240995	35240997	cg06116397
chr18	35241014	35241016	cg12934466
chr18	35241022	35241024	cg12575136
chr18	35241032	35241034	cg19940975
chr18	35241227	35241229	cg22295303
chr18	35241237	35241239	cg09902245
chr18	35241506	35241508	cg26842664
chr18	35244139	35244141	cg23785882
chr18	35246560	35246562	cg13882921
chr18	35252704	35252706	cg21615615
chr18	35257947	35257949	cg24502427
chr18	35264115	35264117	cg18508845
chr18	35267286	35267288	cg03437479
chr18	35267463	35267465	cg27249419
chr18	35267601	35267603	cg16657538
chr18	35267677	35267679	cg00487232
chr18	35267824	35267826	cg23624808
chr18	35268051	35268053	cg13606990
chr18	35269148	35269150	cg05136804
chr18	35271959	35271961	cg20782653
chr18	35288032	35288034	cg23502473
chr18	35289875	35289877	cg00337905
chr18	35289932	35289934	cg05534175
chr18	35290120	35290122	cg03694515
chr18	35290211	35290213	cg12240824
chr18	35290213	35290215	cg05919625
chr18	35290216	35290218	cg18676123
chr18	35290221	35290223	cg07268270
chr18	35290235	35290237	cg26141063
chr18	35290327	35290329	cg16698101
chr18	35290336	35290338	cg03414732
chr18	35290387	35290389	cg15423197
chr18	35290404	35290406	cg07403638
chr18	35290411	35290413	cg18313148
chr18	35290472	35290474	cg06375556
chr18	35290497	35290499	cg26649394
chr18	35290646	35290648	cg25227148
chr18	35293323	35293325	cg26195667
chr18	35332408	35332410	cg23273301
chr18	35340495	35340497	cg12747622
chr18	35343913	35343915	cg24445996
chr18	35344128	35344130	cg24474075
chr18	35344187	35344189	cg01161725
chr18	35344384	35344386	cg13703062
chr18	35344550	35344552	cg21691267
chr18	35344560	35344562	cg13034837
chr18	35344583	35344585	cg12725284
chr18	35344585	35344587	cg05422369
chr18	35344595	35344597	cg21778174
chr18	35344607	35344609	cg01248421
chr18	35344673	35344675	cg26061898
chr18	35344687	35344689	cg03161112
chr18	35344781	35344783	cg19062966
chr18	35348123	35348125	cg14563363
chr18	35367130	35367132	cg16151597
chr18	35374077	35374079	cg27583455
chr18	35376758	35376760	cg02931457
chr18	35376885	35376887	cg03776551
chr18	35377162	35377164	cg00647528
chr18	35377364	35377366	cg13346073
chr18	35377372	35377374	cg06225979
chr18	35377440	35377442	cg22153695
chr18	35377472	35377474	cg19586686
chr18	35377498	35377500	cg26482862
chr18	35377533	35377535	cg12598270
chr18	35377614	35377616	cg14957359
chr18	35377718	35377720	cg22194807
chr18	35380010	35380012	cg13688916
chr18	35468528	35468530	cg18767920
chr18	35495293	35495295	cg12475170
chr18	35497336	35497338	cg20952070
chr18	35497532	35497534	cg04514981
chr18	35497591	35497593	cg02808338
chr18	35497874	35497876	cg20142162
chr18	35498004	35498006	cg03087334
chr18	35498043	35498045	cg13006718
chr18	35498046	35498048	cg23811476
chr18	35498051	35498053	cg03314166
chr18	35498069	35498071	cg19041079
chr18	35498097	35498099	cg13534826
chr18	35498276	35498278	cg22151773
chr18	35498320	35498322	cg21703682
chr18	35498754	35498756	cg27318281
chr18	35501172	35501174	cg05088794
chr18	35501424	35501426	cg15766996
chr18	35577238	35577240	cg12179154
chr18	35580901	35580903	cg15773744
chr18	35581188	35581190	cg17833144
chr18	35581214	35581216	cg01582056
chr18	35582129	35582131	cg06564818
chr18	35583835	35583837	cg12830180
chr18	35584940	35584942	cg24300347
chr18	35653693	35653695	cg10130071
chr18	35653910	35653912	cg16741573
chr18	35654131	35654133	cg05714729
chr18	35654567	35654569	cg10565645
chr18	35676967	35676969	cg24425757
chr18	35904873	35904875	cg05827233
chr18	35905002	35905004	cg18981979
chr18	35905103	35905105	cg18720617
chr18	35905117	35905119	cg24369310
chr18	35905336	35905338	cg03599197
chr18	35905630	35905632	cg16673522
chr18	35947173	35947175	cg15294150
chr18	35949497	35949499	cg16774479
chr18	35950033	35950035	cg00628788
chr18	35950088	35950090	cg13229850
chr18	35950220	35950222	cg25893004
chr18	35950378	35950380	cg16803083
chr18	35950545	35950547	cg22707085
chr18	35950596	35950598	cg15686064
chr18	35968602	35968604	cg20284019
chr18	35972055	35972057	cg13214542
chr18	35972238	35972240	cg18715385
chr18	35972420	35972422	cg22142913
chr18	35972429	35972431	cg20753523
chr18	35972555	35972557	cg09003876
chr18	35972575	35972577	cg23421970
chr18	35972577	35972579	cg25707253
chr18	35972587	35972589	cg12484487
chr18	35972617	35972619	cg05985134
chr18	35972653	35972655	cg19628046
chr18	35972905	35972907	cg25316898
chr18	35973153	35973155	cg00663686
chr18	36012902	36012903	ch.18.658499F
chr18	36064901	36064903	cg07064315
chr18	36066708	36066710	cg21459643
chr18	36067111	36067113	cg21813303
chr18	36067380	36067382	cg02901122
chr18	36067561	36067563	cg19175346
chr18	36067565	36067567	cg00019809
chr18	36067569	36067571	cg19629710
chr18	36067578	36067580	cg23956068
chr18	36067700	36067702	cg13578932
chr18	36069980	36069982	cg24095188
chr18	36108611	36108613	cg23561148
chr18	36122837	36122839	cg25221532
chr18	36126264	36126266	cg14058239
chr18	36128683	36128685	cg11826685
chr18	36128956	36128958	cg08803129
chr18	36129027	36129029	cg25426722
chr18	36129187	36129189	cg11951604
chr18	36129480	36129482	cg21467513
chr18	36129491	36129493	cg02122913
chr18	36129533	36129535	cg20489749
chr18	36129543	36129545	cg12339809
chr18	36129770	36129772	cg07000989
chr18	36129820	36129822	cg18301624
chr18	36129878	36129880	cg00164542
chr18	36129883	36129885	cg21840888
chr18	36129889	36129891	cg12954646
chr18	36129897	36129899	cg24525646
chr18	36129899	36129901	cg03278924
chr18	36129929	36129931	cg27332026
chr18	36130271	36130273	cg20839219
chr18	36130819	36130821	cg19453250
chr18	36133276	36133278	cg15040521
chr18	36183398	36183400	cg20125178
chr18	36184893	36184895	cg26397500
chr18	36185093	36185095	cg21337927
chr18	36186056	36186058	cg07552298
chr18	36186643	36186645	cg07412079
chr18	36187251	36187253	cg07924892
chr18	36187262	36187264	cg19264123
chr18	36187351	36187353	cg08015253
chr18	36187422	36187424	cg22487177
chr18	36187429	36187431	cg18559136
chr18	36187833	36187835	cg08648568
chr18	36188180	36188182	cg08739828
chr18	36188532	36188534	cg22208304
chr18	36189382	36189384	cg24914219
chr18	36191744	36191746	cg22333663
chr18	36296639	36296641	cg16989476
chr18	36297057	36297059	cg25682559
chr18	36297209	36297211	cg24503878
chr18	36297243	36297245	cg26953462
chr18	36297310	36297312	cg02048890
chr18	36297842	36297844	cg03066930
chr18	36297875	36297877	cg08568512
chr18	36298266	36298268	cg04407853
chr18	36300305	36300307	cg16045897
chr18	36302188	36302190	cg20514290
chr18	36614715	36614716	ch.18.672159R
chr18	36742614	36742616	cg18988327
chr18	36745170	36745172	cg19586143
chr18	36745672	36745674	cg19777991
chr18	36745863	36745865	cg07495405
chr18	36747534	36747536	cg21367586
chr18	36748417	36748419	cg01074921
chr18	36758532	36758534	cg24952158
chr18	36758722	36758724	cg16193295
chr18	36760621	36760623	cg06757138
chr18	36760716	36760718	cg23695714
chr18	36760827	36760829	cg20745910
chr18	36760977	36760979	cg14675869
chr18	36779690	36779692	cg21273905
chr18	36796711	36796713	cg27225044
chr18	36809706	36809708	cg07648207
chr18	36828202	36828204	cg14820927
chr18	36828690	36828692	cg07169535
chr18	36828880	36828882	cg27062159
chr18	36828904	36828906	cg06115851
chr18	36828930	36828932	cg26898309
chr18	36828937	36828939	cg12219753
chr18	36828947	36828949	cg21278787
chr18	36828949	36828951	cg25437816
chr18	36829089	36829091	cg05666571
chr18	36829094	36829096	cg17307752
chr18	36829228	36829230	cg21290316
chr18	36829374	36829376	cg22434906
chr18	36829427	36829429	cg23776217
chr18	36829437	36829439	cg15139222
chr18	36829560	36829562	cg20235901
chr18	37222768	37222770	cg21107889
chr18	37241820	37241822	cg13614477
chr18	37243081	37243083	cg15022739
chr18	37243844	37243846	cg12222588
chr18	37244052	37244054	cg25399162
chr18	37245520	37245522	cg05729577
chr18	37247118	37247120	cg24507502
chr18	37251215	37251217	cg16061099
chr18	37253375	37253377	cg21148404
chr18	37253599	37253601	cg10209886
chr18	37253974	37253976	cg14306734
chr18	37254641	37254643	cg12323274
chr18	37254726	37254728	cg11950360
chr18	37257196	37257198	cg15507719
chr18	37257632	37257634	cg23784675
chr18	37258459	37258461	cg00507497
chr18	37259075	37259077	cg06962684
chr18	37270900	37270902	cg06263372
chr18	37273725	37273727	cg27353346
chr18	37273931	37273933	cg19026976
chr18	37274336	37274338	cg06338499
chr18	37274610	37274612	cg02345961
chr18	37274758	37274760	cg05649108
chr18	37274972	37274974	cg11760198
chr18	37275518	37275520	cg24202131
chr18	37277971	37277973	cg15264610
chr18	37328662	37328664	cg13077366
chr18	37334642	37334644	cg07748883
chr18	37335684	37335686	cg11900210
chr18	37336749	37336751	cg10407177
chr18	37336774	37336776	cg20168823
chr18	37336850	37336852	cg12228319
chr18	37337639	37337641	cg20094343
chr18	37339053	37339055	cg12392429
chr18	37363763	37363765	cg15729307
chr18	37391093	37391095	cg00163546
chr18	37392913	37392915	cg06370528
chr18	37394026	37394028	cg06547959
chr18	37394040	37394042	cg07374808
chr18	37394336	37394338	cg25943372
chr18	37394376	37394378	cg24655135
chr18	37396257	37396259	cg13709612
chr18	37398074	37398076	cg25215295
chr18	37435789	37435791	cg27638035
chr18	37435982	37435984	cg18735473
chr18	37482574	37482576	cg03356492
chr18	37483321	37483323	cg18558969
chr18	37484936	37484938	cg19209689
chr18	37485076	37485078	cg21375294
chr18	37485272	37485274	cg19237294
chr18	37485422	37485424	cg15139644
chr18	37486418	37486420	cg16345171
chr18	37487045	37487047	cg26079666
chr18	37487565	37487567	cg16705205
chr18	37489273	37489275	cg23752548
chr18	37521977	37521979	cg18032297
chr18	37524154	37524156	cg13511195
chr18	37524570	37524572	cg14631706
chr18	37524717	37524719	cg06248560
chr18	37524904	37524906	cg06003986
chr18	37525190	37525192	cg20770435
chr18	37528434	37528436	cg20205227
chr18	37544882	37544884	cg14477514
chr18	37562931	37562933	cg24860812
chr18	37563899	37563901	cg05939552
chr18	37564295	37564297	cg25533997
chr18	37565389	37565391	cg07300558
chr18	37565509	37565511	cg18397864
chr18	37565571	37565573	cg06761921
chr18	37565686	37565688	cg19492446
chr18	37566019	37566021	cg11154070
chr18	37566037	37566039	cg17227156
chr18	37566074	37566076	cg25842602
chr18	37566082	37566084	cg21484749
chr18	37566084	37566086	cg12161122
chr18	37566086	37566088	cg18161374
chr18	37566133	37566135	cg13033090
chr18	37566135	37566137	cg14423557
chr18	37566263	37566265	cg14839351
chr18	37566429	37566431	cg01273679
chr18	37566486	37566488	cg25023275
chr18	37566490	37566492	cg23243463
chr18	37566510	37566512	cg07600871
chr18	37566514	37566516	cg13138137
chr18	37566625	37566627	cg12466737
chr18	37566627	37566629	cg17973164
chr18	37566704	37566706	cg19853833
chr18	37566706	37566708	cg24506862
chr18	37566762	37566764	cg00590960
chr18	37566802	37566804	cg06103031
chr18	37566806	37566808	cg03151187
chr18	37567092	37567094	cg17319486
chr18	37567115	37567117	cg15179725
chr18	37567126	37567128	cg13382322
chr18	37567198	37567200	cg14350197
chr18	37567201	37567203	cg20346912
chr18	37567282	37567284	cg24107979
chr18	37567312	37567314	cg18409730
chr18	37567501	37567503	cg25216403
chr18	37567568	37567570	cg15511381
chr18	37567862	37567864	cg24943627
chr18	37568519	37568521	cg13206530
chr18	37570638	37570640	cg27332583
chr18	37582874	37582875	rs1941955
chr18	38033451	38033452	ch.18.700493F
chr18	38635574	38635576	cg06933777
chr18	39752601	39752603	cg19860752
chr18	39753035	39753037	cg26848157
chr18	39753063	39753065	cg18993481
chr18	39799503	39799505	cg15612221
chr18	39800293	39800295	cg27561567
chr18	39839236	39839238	cg26269511
chr18	39841354	39841356	cg24549153
chr18	39841545	39841547	cg24277715
chr18	39841686	39841688	cg03669797
chr18	39841863	39841865	cg15534855
chr18	39842023	39842025	cg05547200
chr18	40136558	40136559	ch.18.734816F
chr18	41391723	41391725	cg23251687
chr18	41483125	41483127	cg16447539
chr18	41521417	41521419	cg26714678
chr18	41954466	41954468	cg14756480
chr18	41955110	41955112	cg19500192
chr18	41955129	41955131	cg27662412
chr18	41955190	41955192	cg12548782
chr18	41955196	41955198	cg00521887
chr18	41955205	41955207	cg24325362
chr18	41955260	41955262	cg24362401
chr18	41955289	41955291	cg19762644
chr18	41995977	41995979	cg12589839
chr18	41998903	41998905	cg06168235
chr18	42004502	42004504	cg25671118
chr18	42295774	42295776	cg14282375
chr18	42440365	42440366	ch.18.773216R
chr18	42533370	42533372	cg03577486
chr18	43067828	43067830	cg14936188
chr18	43115626	43115628	cg21320334
chr18	43115667	43115669	cg04711324
chr18	43115745	43115747	cg06012795
chr18	43116109	43116111	cg22039287
chr18	43116198	43116200	cg16036046
chr18	43268642	43268644	cg19835595
chr18	43273867	43273869	cg14462017
chr18	43277290	43277292	cg12053284
chr18	43277498	43277500	cg16222762
chr18	43277727	43277729	cg27485084
chr18	44590145	44590146	ch.18.807506F
chr18	44675493	44675495	cg07258983
chr18	44679018	44679020	cg02717618
chr18	44679071	44679073	cg00698124
chr18	44679278	44679280	cg22263405
chr18	44679594	44679596	cg20263839
chr18	44680011	44680013	cg23576842
chr18	44680090	44680092	cg13849552
chr18	44680144	44680146	cg15392269
chr18	44680155	44680157	cg17321214
chr18	44680164	44680166	cg20298895
chr18	44680168	44680170	cg06015645
chr18	44680268	44680270	cg20127035
chr18	44680485	44680487	cg06907842
chr18	44680828	44680830	cg05154615
chr18	44681013	44681015	cg11696361
chr18	44681275	44681277	cg15336196
chr18	44682014	44682016	cg24217948
chr18	44682919	44682921	cg16705273
chr18	44701205	44701207	cg27378216
chr18	44701797	44701799	cg00037763
chr18	44741865	44741867	cg19900989
chr18	44743750	44743752	cg20090782
chr18	44744665	44744667	cg06614044
chr18	44744999	44745001	cg03722909
chr18	44745120	44745122	cg07015525
chr18	44747596	44747598	cg16663341
chr18	44877175	44877177	cg07505159
chr18	44950726	44950728	cg24776880
chr18	44950831	44950833	cg05195700
chr18	44950862	44950864	cg20038204
chr18	44950927	44950929	cg25162588
chr18	44950969	44950971	cg15309045
chr18	44951104	44951106	cg22518079
chr18	44951133	44951135	cg02779164
chr18	44951166	44951168	cg03527663
chr18	45063324	45063326	cg05672074
chr18	45063764	45063766	cg13422136
chr18	45063780	45063782	cg13623638
chr18	45063839	45063841	cg03654727
chr18	45063842	45063844	cg03972656
chr18	45063970	45063972	cg20516763
chr18	45064247	45064249	cg24983248
chr18	45066558	45066560	cg13016411
chr18	45613312	45613314	cg21186506
chr18	45613765	45613767	cg14931811
chr18	45614516	45614518	cg22064129
chr18	45615075	45615077	cg22207479
chr18	45621013	45621015	cg18047353
chr18	45665171	45665173	cg15536830
chr18	45682645	45682647	cg15090262
chr18	45722906	45722908	cg20610511
chr18	45723021	45723023	cg05810428
chr18	45723811	45723813	cg13149442
chr18	45724041	45724043	cg21116457
chr18	45724113	45724115	cg17589341
chr18	45724486	45724488	cg26803305
chr18	45725574	45725576	cg19363889
chr18	45725651	45725653	cg25530583
chr18	45725818	45725820	cg01016092
chr18	45726953	45726955	cg21045770
chr18	45740187	45740189	cg19244662
chr18	45750066	45750068	cg01008495
chr18	45772288	45772290	cg21916596
chr18	45775448	45775450	cg25416153
chr18	45775581	45775583	cg18088442
chr18	45775715	45775717	cg21691166
chr18	45776023	45776025	cg16245698
chr18	45779378	45779380	cg03349504
chr18	45824579	45824581	cg00425636
chr18	45824775	45824777	cg19397321
chr18	45825527	45825529	cg14053030
chr18	45825581	45825583	cg05869537
chr18	45835420	45835422	cg14729980
chr18	45836052	45836054	cg26571002
chr18	45837423	45837425	cg13741394
chr18	45838182	45838184	cg02351804
chr18	45838249	45838251	cg21529528
chr18	45838590	45838592	cg11029191
chr18	45838863	45838865	cg05752393
chr18	45839136	45839138	cg24030138
chr18	45839535	45839537	cg07869839
chr18	45842405	45842407	cg07838730
chr18	45850821	45850823	cg18021942
chr18	45917567	45917569	cg01106788
chr18	45918826	45918828	cg10732834
chr18	45965058	45965060	cg01203902
chr18	45966878	45966880	cg12788078
chr18	45967210	45967212	cg12074981
chr18	45967285	45967287	cg18989224
chr18	45967368	45967370	cg03116922
chr18	45967371	45967373	cg27128322
chr18	45967384	45967386	cg25320099
chr18	45967389	45967391	cg26311295
chr18	45967563	45967565	cg15317173
chr18	45967734	45967736	cg26966455
chr18	45967839	45967841	cg18124413
chr18	45968177	45968179	cg10119257
chr18	45971449	45971451	cg20469847
chr18	45987117	45987119	cg14773207
chr18	46028138	46028140	cg07773272
chr18	46028342	46028344	cg05513069
chr18	46028526	46028528	cg16567175
chr18	46028542	46028544	cg05986195
chr18	46028581	46028583	cg19198178
chr18	46031990	46031992	cg19380581
chr18	46069111	46069113	cg14938561
chr18	46069209	46069211	cg26436583
chr18	46071719	46071721	cg22038796
chr18	46071787	46071789	cg06530012
chr18	46071868	46071870	cg13768737
chr18	46072205	46072207	cg20670302
chr18	46072265	46072267	cg11864882
chr18	46072288	46072290	cg17329670
chr18	46072399	46072401	cg21949781
chr18	46072431	46072433	cg24026435
chr18	46072463	46072465	cg03405114
chr18	46072470	46072472	cg14304186
chr18	46072487	46072489	cg26226511
chr18	46072625	46072627	cg16730908
chr18	46072627	46072629	cg00532474
chr18	46074695	46074697	cg05302953
chr18	46094390	46094392	cg03116030
chr18	46097905	46097907	cg15122384
chr18	46097990	46097992	cg10619144
chr18	46098062	46098064	cg17048356
chr18	46098215	46098217	cg15277511
chr18	46098303	46098305	cg14128819
chr18	46098324	46098326	cg07881863
chr18	46098471	46098473	cg18864914
chr18	46098490	46098492	cg12108650
chr18	46098546	46098548	cg05299703
chr18	46098616	46098618	cg22283488
chr18	46098746	46098748	cg23376861
chr18	46101541	46101543	cg07501747
chr18	46103955	46103957	cg18069568
chr18	46104065	46104067	cg22226091
chr18	46104087	46104089	cg25388527
chr18	46104147	46104149	cg06121461
chr18	46104177	46104179	cg22858861
chr18	46104179	46104181	cg00530593
chr18	46104209	46104211	cg16734281
chr18	46104214	46104216	cg18307767
chr18	46104238	46104240	cg18959360
chr18	46104304	46104306	cg24148581
chr18	46104359	46104361	cg24135438
chr18	46104373	46104375	cg20410673
chr18	46104397	46104399	cg01114226
chr18	46104418	46104420	cg26604901
chr18	46104725	46104727	cg10532125
chr18	46104732	46104734	cg25174615
chr18	46104749	46104751	cg20479805
chr18	46104831	46104833	cg26626598
chr18	46104965	46104967	cg21686188
chr18	46105139	46105141	cg26713775
chr18	46105393	46105395	cg04376617
chr18	46108061	46108063	cg15062225
chr18	46171262	46171264	cg21579539
chr18	46173271	46173273	cg00341387
chr18	46173506	46173508	cg05186186
chr18	46173564	46173566	cg00257542
chr18	46173571	46173573	cg03662467
chr18	46173743	46173745	cg08361693
chr18	46173922	46173924	cg21521250
chr18	46173949	46173951	cg21883621
chr18	46173960	46173962	cg03110267
chr18	46174079	46174081	cg15818895
chr18	46174082	46174084	cg26383870
chr18	46174819	46174821	cg02433593
chr18	46175033	46175035	cg20466748
chr18	46175136	46175138	cg22725310
chr18	46176167	46176169	cg18527751
chr18	46262276	46262278	cg16576895
chr18	46265417	46265419	cg05520141
chr18	46273812	46273813	ch.18.844464R
chr18	46329916	46329918	cg03787454
chr18	46333027	46333029	cg06687091
chr18	46333183	46333185	cg20497704
chr18	46333382	46333384	cg01865609
chr18	46333601	46333603	cg12300498
chr18	46333685	46333687	cg25723585
chr18	46333735	46333737	cg16330517
chr18	46333755	46333757	cg25772559
chr18	46333791	46333793	cg26197699
chr18	46334083	46334085	cg09730015
chr18	46334262	46334264	cg11913496
chr18	46334300	46334302	cg12989560
chr18	46335698	46335700	cg15142477
chr18	46335937	46335939	cg06418113
chr18	46337532	46337534	cg23549472
chr18	46412859	46412861	cg03494022
chr18	46458757	46458759	cg11877105
chr18	46481333	46481335	cg00452639
chr18	46518862	46518864	cg07931960
chr18	46519064	46519066	cg12934788
chr18	46519089	46519091	cg21878759
chr18	46519220	46519222	cg23345292
chr18	46519257	46519259	cg17018767
chr18	46519376	46519378	cg18220799
chr18	46519989	46519991	cg02862461
chr18	46520511	46520513	cg14844624
chr18	46557354	46557356	cg15341751
chr18	46559195	46559197	cg20454888
chr18	46559371	46559373	cg16481525
chr18	46560118	46560120	cg11853811
chr18	46560144	46560146	cg19282019
chr18	46560447	46560449	cg20134355
chr18	46560502	46560504	cg07071206
chr18	46560610	46560612	cg16501892
chr18	46561445	46561447	cg11916678
chr18	46563086	46563088	cg14850601
chr18	46601696	46601698	cg17903316
chr18	46619577	46619579	cg00241274
chr18	46623735	46623737	cg14165909
chr18	46654851	46654853	cg21956318
chr18	46655161	46655163	cg20453832
chr18	46656883	46656885	cg21737734
chr18	46656954	46656956	cg06520279
chr18	46657038	46657040	cg22138002
chr18	46657055	46657057	cg05315417
chr18	46657059	46657061	cg05264816
chr18	46657123	46657125	cg07263382
chr18	46657129	46657131	cg18144485
chr18	46657187	46657189	cg22102582
chr18	46657655	46657657	cg13561807
chr18	46657694	46657696	cg19829856
chr18	46657837	46657839	cg15132710
chr18	46661042	46661044	cg21298082
chr18	46676373	46676375	cg26089007
chr18	46679823	46679825	cg06905387
chr18	46680009	46680011	cg25138418
chr18	46680084	46680086	cg19478558
chr18	46680127	46680129	cg06350879
chr18	46680393	46680395	cg00381974
chr18	46680486	46680488	cg01912379
chr18	46680826	46680828	cg13103051
chr18	46683940	46683942	cg06352249
chr18	46753166	46753168	cg19367172
chr18	46754749	46754751	cg02801277
chr18	46755145	46755147	cg16006724
chr18	46756435	46756437	cg19751300
chr18	46757135	46757137	cg09275869
chr18	46757700	46757702	cg15966229
chr18	46757889	46757891	cg26155939
chr18	46757946	46757948	cg15049968
chr18	46757958	46757960	cg23129478
chr18	46758135	46758137	cg01059449
chr18	46758183	46758185	cg23302884
chr18	46759549	46759551	cg16170243
chr18	46760213	46760215	cg06551595
chr18	46812160	46812162	cg27070070
chr18	46914313	46914315	cg23540938
chr18	46915100	46915102	cg21315000
chr18	46915707	46915709	cg00416882
chr18	46915912	46915914	cg21075378
chr18	46916947	46916949	cg03982507
chr18	46917407	46917409	cg19661328
chr18	46917535	46917537	cg05796338
chr18	46917640	46917642	cg22233523
chr18	46917867	46917869	cg16635274
chr18	46918083	46918085	cg21061582
chr18	46918377	46918379	cg15142430
chr18	46920297	46920299	cg06002288
chr18	46943106	46943108	cg27270832
chr18	46945746	46945748	cg02810592
chr18	46946466	46946468	cg23345004
chr18	46946641	46946643	cg19558029
chr18	46946736	46946738	cg12171183
chr18	46946743	46946745	cg06198398
chr18	46946779	46946781	cg20469799
chr18	46946792	46946794	cg05498007
chr18	46946903	46946905	cg05529506
chr18	46947062	46947064	cg11931731
chr18	46948007	46948009	cg24730543
chr18	46950254	46950256	cg21195235
chr18	46960926	46960928	cg22483634
chr18	46961419	46961421	cg25748121
chr18	46963295	46963297	cg24750912
chr18	46963648	46963650	cg07416455
chr18	46965018	46965020	cg16215983
chr18	46965830	46965832	cg20044090
chr18	46965843	46965845	cg07202581
chr18	46967197	46967199	cg19077165
chr18	47020797	47020799	cg23996704
chr18	47025347	47025349	cg00345916
chr18	47025360	47025362	cg07694754
chr18	47028936	47028938	cg07643061
chr18	47031263	47031265	cg02432101
chr18	47031275	47031277	cg07172565
chr18	47031301	47031303	cg23768702
chr18	47031360	47031362	cg00312872
chr18	47031447	47031449	cg08008233
chr18	47032595	47032597	cg12672509
chr18	47033905	47033907	cg03651973
chr18	47034758	47034760	cg20875182
chr18	47034816	47034818	cg05989423
chr18	47035013	47035015	cg01007147
chr18	47035346	47035348	cg16053920
chr18	47035353	47035355	cg24883732
chr18	47035647	47035649	cg16643261
chr18	47035658	47035660	cg14276258
chr18	47035684	47035686	cg17887685
chr18	47035691	47035693	cg07426472
chr18	47035741	47035743	cg20960383
chr18	47035764	47035766	cg20879768
chr18	47036044	47036046	cg07614190
chr18	47036133	47036135	cg13993676
chr18	47036546	47036548	cg13225665
chr18	47038060	47038062	cg06573143
chr18	47092215	47092217	cg19804570
chr18	47100526	47100528	cg00557175
chr18	47101068	47101070	cg20916427
chr18	47108574	47108576	cg24138419
chr18	47118570	47118572	cg20977716
chr18	47147800	47147802	cg21582524
chr18	47150049	47150051	cg18721605
chr18	47150284	47150286	cg17862257
chr18	47150300	47150302	cg20957739
chr18	47150385	47150387	cg15160457
chr18	47150392	47150394	cg08976163
chr18	47150587	47150589	cg20581250
chr18	47150590	47150592	cg18936800
chr18	47150611	47150613	cg14785810
chr18	47150620	47150622	cg05848120
chr18	47150767	47150769	cg12344490
chr18	47150864	47150866	cg05830870
chr18	47151181	47151183	cg17192377
chr18	47154008	47154010	cg12667340
chr18	47173065	47173067	cg06414842
chr18	47176173	47176175	cg02987051
chr18	47176231	47176233	cg04900928
chr18	47176280	47176282	cg21549457
chr18	47176363	47176365	cg13471184
chr18	47176385	47176387	cg07223312
chr18	47176394	47176396	cg12735025
chr18	47176425	47176427	cg27446047
chr18	47176467	47176469	cg20461998
chr18	47176524	47176526	cg08668412
chr18	47177224	47177226	cg12128262
chr18	47180211	47180213	cg16324725
chr18	47244409	47244411	cg24371990
chr18	47245917	47245919	cg19199159
chr18	47247613	47247615	cg01352175
chr18	47247616	47247618	cg17939805
chr18	47247682	47247684	cg00875989
chr18	47248474	47248476	cg20192747
chr18	47248551	47248553	cg08076830
chr18	47248637	47248639	cg27187667
chr18	47249041	47249043	cg09319072
chr18	47249204	47249206	cg01859340
chr18	47250478	47250480	cg23979412
chr18	47251364	47251366	cg18669209
chr18	47251427	47251429	cg13437581
chr18	47251649	47251651	cg26938597
chr18	47251711	47251713	cg07897451
chr18	47251864	47251866	cg16055241
chr18	47254865	47254867	cg14951139
chr18	47258474	47258476	cg26880735
chr18	47259386	47259388	cg05614028
chr18	47259719	47259721	cg24876445
chr18	47260054	47260056	cg24546155
chr18	47260514	47260516	cg27405960
chr18	47261120	47261122	cg18074954
chr18	47261213	47261215	cg06629130
chr18	47261356	47261358	cg26509328
chr18	47262526	47262528	cg20026939
chr18	47263577	47263579	cg18447790
chr18	47263769	47263771	cg24928333
chr18	47264142	47264144	cg01106338
chr18	47264469	47264471	cg02811232
chr18	47267857	47267859	cg07312178
chr18	47531332	47531334	cg06185789
chr18	47570936	47570938	cg15007539
chr18	47746847	47746849	cg00736640
chr18	47748206	47748208	cg07488417
chr18	47749080	47749082	cg16870867
chr18	47749195	47749197	cg17100218
chr18	47749531	47749533	cg12655437
chr18	47752745	47752747	cg15033113
chr18	47837953	47837955	cg00172189
chr18	47927237	47927239	cg26130023
chr18	47930069	47930071	cg25446808
chr18	47930215	47930217	cg03029145
chr18	47930371	47930373	cg21809942
chr18	47930694	47930696	cg27541781
chr18	47931213	47931215	cg16366656
chr18	47931218	47931220	cg21851386
chr18	47931229	47931231	cg03617406
chr18	47931232	47931234	cg05100634
chr18	47931649	47931651	cg17243289
chr18	47931871	47931873	cg03294491
chr18	47931931	47931933	cg06236559
chr18	47932326	47932328	cg07912766
chr18	47932904	47932906	cg16131053
chr18	47934643	47934645	cg16959326
chr18	48004326	48004328	cg13076829
chr18	48008163	48008165	cg15338683
chr18	48008214	48008216	cg22195133
chr18	48008365	48008367	cg16968865
chr18	48008645	48008647	cg24035210
chr18	48008794	48008796	cg05750962
chr18	48012113	48012115	cg00862307
chr18	48026399	48026401	cg22306155
chr18	48029066	48029068	cg23746577
chr18	48029273	48029275	cg04644653
chr18	48029561	48029563	cg23392963
chr18	48029800	48029802	cg17016890
chr18	48029840	48029842	cg02253586
chr18	48031746	48031748	cg11837016
chr18	48033182	48033184	cg27344090
chr18	48039978	48039980	cg24352393
chr18	48041161	48041163	cg24365626
chr18	48041632	48041634	cg16078269
chr18	48041694	48041696	cg23980070
chr18	48042131	48042133	cg02731366
chr18	48086090	48086092	cg07633702
chr18	48133698	48133700	cg06994022
chr18	48134405	48134407	cg18721307
chr18	48135903	48135905	cg03744043
chr18	48135988	48135990	cg13508911
chr18	48136599	48136601	cg23832822
chr18	48136676	48136678	cg23315589
chr18	48136757	48136759	cg15070507
chr18	48137138	48137140	cg02398663
chr18	48137758	48137760	cg23425762
chr18	48139578	48139580	cg21906976
chr18	48157469	48157471	cg11934832
chr18	48161399	48161401	cg05794042
chr18	48161559	48161561	cg09836531
chr18	48161622	48161624	cg18387516
chr18	48161906	48161908	cg07127945
chr18	48162106	48162108	cg17789102
chr18	48163043	48163045	cg14775215
chr18	48164270	48164272	cg23824354
chr18	48382548	48382550	cg11724225
chr18	48405909	48405911	cg22126437
chr18	48407784	48407786	cg00057722
chr18	48408082	48408084	cg05477405
chr18	48408223	48408225	cg07933552
chr18	48408698	48408700	cg03309726
chr18	48409675	48409677	cg25104716
chr18	48409685	48409687	cg05318026
chr18	48409842	48409844	cg22331017
chr18	48410050	48410052	cg03084408
chr18	48410143	48410145	cg01288674
chr18	48410700	48410702	cg22195220
chr18	48412546	48412548	cg27449660
chr18	48413478	48413480	cg15229496
chr18	48535234	48535236	cg23730408
chr18	48538444	48538446	cg16617366
chr18	48538620	48538622	cg18530324
chr18	48538695	48538697	cg23683058
chr18	48538886	48538888	cg21005948
chr18	48538890	48538892	cg27088191
chr18	48538920	48538922	cg09516537
chr18	48539395	48539397	cg25560840
chr18	48539639	48539641	cg14550422
chr18	48540034	48540036	cg00991755
chr18	48540128	48540130	cg05502939
chr18	48541156	48541158	cg02255871
chr18	48541175	48541177	cg03656833
chr18	48541531	48541533	cg11908294
chr18	48543474	48543476	cg12419932
chr18	48615590	48615592	cg19341630
chr18	48758200	48758202	cg15550282
chr18	48759779	48759781	cg19811144
chr18	48761586	48761588	cg15179985
chr18	48761633	48761635	cg00137385
chr18	48761701	48761703	cg21150921
chr18	48763133	48763135	cg18909131
chr18	48765536	48765538	cg21602842
chr18	48858932	48858934	cg14571194
chr18	48859007	48859009	cg13840032
chr18	48859895	48859897	cg05451498
chr18	48859989	48859991	cg21410293
chr18	48860081	48860083	cg23964724
chr18	48860819	48860821	cg17914835
chr18	48862560	48862562	cg21444002
chr18	48919134	48919136	cg21121258
chr18	48921263	48921265	cg06203649
chr18	48921366	48921368	cg07661480
chr18	48921426	48921428	cg02184281
chr18	48921469	48921471	cg13398027
chr18	48921590	48921592	cg25986322
chr18	48923018	48923020	cg14283454
chr18	48923777	48923779	cg14138002
chr18	48933563	48933565	cg19430553
chr18	48934831	48934833	cg11909137
chr18	48935028	48935030	cg24375218
chr18	48944978	48944980	cg20800216
chr18	48947202	48947204	cg21718735
chr18	48947693	48947695	cg11645306
chr18	48948273	48948275	cg00839844
chr18	48948873	48948875	cg00145587
chr18	48949737	48949739	cg23699700
chr18	48950451	48950453	cg13967780
chr18	48950566	48950568	cg19575813
chr18	48950756	48950758	cg05119084
chr18	48950775	48950777	cg15166561
chr18	48950778	48950780	cg12651664
chr18	48950802	48950804	cg21505940
chr18	48950879	48950881	cg05310557
chr18	48951033	48951035	cg14751914
chr18	48951441	48951443	cg15153018
chr18	48951599	48951601	cg11023721
chr18	48952013	48952015	cg00214056
chr18	48952554	48952556	cg05314606
chr18	48952784	48952786	cg02570531
chr18	48953045	48953047	cg14321542
chr18	48956068	48956070	cg00732383
chr18	48972162	48972164	cg13634221
chr18	48973701	48973703	cg18423737
chr18	48974275	48974277	cg05536998
chr18	48974459	48974461	cg20506037
chr18	48974831	48974833	cg07704235
chr18	48975029	48975031	cg20811236
chr18	48975254	48975256	cg06080874
chr18	48976130	48976132	cg00800436
chr18	48976351	48976353	cg25996614
chr18	48976604	48976606	cg02611770
chr18	48976641	48976643	cg23825482
chr18	48980162	48980164	cg22137236
chr18	49043931	49043933	cg06208130
chr18	49047899	49047901	cg18417758
chr18	49457585	49457587	cg19495149
chr18	49459516	49459518	cg25458298
chr18	49460154	49460156	cg26177316
chr18	49460505	49460507	cg12012699
chr18	49460722	49460724	cg00323448
chr18	49460724	49460726	cg20707633
chr18	49460794	49460796	cg06164976
chr18	49460822	49460824	cg07427138
chr18	49460834	49460836	cg05094046
chr18	49461161	49461163	cg12875426
chr18	49461415	49461417	cg23865597
chr18	49464582	49464584	cg05904411
chr18	49483164	49483166	cg21492877
chr18	49486521	49486523	cg01878705
chr18	49486624	49486626	cg18394275
chr18	49486957	49486959	cg21736038
chr18	49487144	49487146	cg13361168
chr18	49487379	49487381	cg06655225
chr18	49487393	49487395	cg07921731
chr18	49487439	49487441	cg02563971
chr18	49487529	49487531	cg15927357
chr18	49487718	49487720	cg23756872
chr18	49487889	49487891	cg16886882
chr18	49489339	49489341	cg14194397
chr18	49489811	49489813	cg06271165
chr18	49489847	49489849	cg00254095
chr18	49490795	49490797	cg00398268
chr18	49491397	49491399	cg05605377
chr18	49491724	49491726	cg01017464
chr18	49491809	49491811	cg16389709
chr18	49491882	49491884	cg26840726
chr18	49491894	49491896	cg11814422
chr18	49492217	49492219	cg24157651
chr18	49492276	49492278	cg26306636
chr18	49492408	49492410	cg12953599
chr18	49492546	49492548	cg19432393
chr18	49492576	49492578	cg19857457
chr18	49492605	49492607	cg11891983
chr18	49492853	49492855	cg11857433
chr18	49492960	49492962	cg19585586
chr18	49492969	49492971	cg13319533
chr18	49496174	49496176	cg21084704
chr18	49557886	49557888	cg06374814
chr18	49559378	49559380	cg21469505
chr18	49560737	49560739	cg20486897
chr18	49560844	49560846	cg07277041
chr18	49561048	49561050	cg17012181
chr18	49561638	49561640	cg26666921
chr18	49561863	49561865	cg24513433
chr18	49561877	49561879	cg27113059
chr18	49561935	49561937	cg27631427
chr18	49561938	49561940	cg21574400
chr18	49561972	49561974	cg14320593
chr18	49562002	49562004	cg00692763
chr18	49562050	49562052	cg11038073
chr18	49562061	49562063	cg14254867
chr18	49562409	49562411	cg15677957
chr18	49562706	49562708	cg25416605
chr18	49564042	49564044	cg15073283
chr18	49565652	49565654	cg25331919
chr18	49591045	49591047	cg15576012
chr18	49781257	49781258	ch.18.925095F
chr18	49793246	49793247	ch.18.925473R
chr18	49809311	49809313	cg18032893
chr18	49812614	49812616	cg06135495
chr18	49813331	49813333	cg00231140
chr18	49813840	49813842	cg20393622
chr18	49813863	49813865	cg04171329
chr18	49814034	49814036	cg21886851
chr18	49814037	49814039	cg13487956
chr18	49814130	49814132	cg26137790
chr18	49814564	49814566	cg23825830
chr18	49814929	49814931	cg03345145
chr18	49817763	49817765	cg20471241
chr18	49824005	49824007	cg12671750
chr18	50193364	50193366	cg26994526
chr18	50193828	50193830	cg06504512
chr18	50194137	50194139	cg24042339
chr18	50194549	50194551	cg10282857
chr18	50194861	50194863	cg23910786
chr18	50195303	50195305	cg24921634
chr18	50195370	50195372	cg19344013
chr18	50195528	50195530	cg26557404
chr18	50196435	50196437	cg01855636
chr18	50197523	50197525	cg19042497
chr18	50227375	50227377	cg00158081
chr18	50245952	50245954	cg20177086
chr18	50265970	50265972	cg20851317
chr18	50266337	50266339	cg24041453
chr18	50266423	50266425	cg27392024
chr18	50266546	50266548	cg18234979
chr18	50266550	50266552	cg26444623
chr18	50266557	50266559	cg24391240
chr18	50266578	50266580	cg06565620
chr18	50266629	50266631	cg08633810
chr18	50266804	50266806	cg23708717
chr18	50267228	50267230	cg03143333
chr18	50267860	50267862	cg21616935
chr18	50268252	50268254	cg11749010
chr18	50268421	50268423	cg19476597
chr18	50268624	50268626	cg06482716
chr18	50269414	50269416	cg25073435
chr18	50272598	50272600	cg13316061
chr18	50278206	50278208	cg12008613
chr18	50281329	50281331	cg19328682
chr18	50281338	50281340	cg03841029
chr18	50281550	50281552	cg05549078
chr18	50281557	50281559	cg12090413
chr18	50281813	50281815	cg13478031
chr18	50281929	50281931	cg01719254
chr18	50281950	50281952	cg14389183
chr18	50282158	50282160	cg21282183
chr18	50282434	50282436	cg12272198
chr18	50282704	50282706	cg23403256
chr18	50283304	50283306	cg14855497
chr18	50286803	50286805	cg19887750
chr18	50287374	50287376	cg27250841
chr18	50287485	50287487	cg22433261
chr18	50287779	50287781	cg00418882
chr18	50287807	50287809	cg13423076
chr18	50287856	50287858	cg07675399
chr18	50287941	50287943	cg20016845
chr18	50288093	50288095	cg02159718
chr18	50288241	50288243	cg27419474
chr18	50289036	50289038	cg21134610
chr18	50289046	50289048	cg15632775
chr18	50289059	50289061	cg11871295
chr18	50290962	50290964	cg15241471
chr18	50295853	50295855	cg15342873
chr18	50297889	50297891	cg20294486
chr18	50298633	50298635	cg14822719
chr18	50298699	50298701	cg21429408
chr18	50298854	50298856	cg05872236
chr18	50298870	50298872	cg00095165
chr18	50298992	50298994	cg06566034
chr18	50302317	50302319	cg07371693
chr18	50337617	50337619	cg21292912
chr18	50340123	50340125	cg18558188
chr18	50340180	50340182	cg11213717
chr18	50340223	50340225	cg20306534
chr18	50340378	50340380	cg18742986
chr18	50340460	50340462	cg23528034
chr18	50372843	50372845	cg11642211
chr18	50374512	50374514	cg20857301
chr18	50374725	50374727	cg19246089
chr18	50374839	50374841	cg13556253
chr18	50375048	50375050	cg06893537
chr18	50375059	50375061	cg16196758
chr18	50375069	50375071	cg18238491
chr18	50375072	50375074	cg01313966
chr18	50375264	50375266	cg12376941
chr18	50378022	50378024	cg13408957
chr18	50556852	50556854	cg07737810
chr18	50557623	50557625	cg18923635
chr18	50559300	50559302	cg19448837
chr18	50559321	50559323	cg02158486
chr18	50559468	50559470	cg05492442
chr18	50559473	50559475	cg20068620
chr18	50559791	50559793	cg22059733
chr18	50559931	50559933	cg06614469
chr18	50560034	50560036	cg25615585
chr18	50560040	50560042	cg22608170
chr18	50560045	50560047	cg23889440
chr18	50560209	50560211	cg19608455
chr18	50560309	50560311	cg05328197
chr18	50560716	50560718	cg17865533
chr18	50561217	50561219	cg25244036
chr18	50561991	50561993	cg06191260
chr18	50563313	50563315	cg15366423
chr18	50660869	50660871	cg18891864
chr18	50663167	50663169	cg26946769
chr18	50664095	50664097	cg26521720
chr18	50664142	50664144	cg15116677
chr18	50664266	50664268	cg18450227
chr18	50664671	50664673	cg25538883
chr18	50664965	50664967	cg26996626
chr18	50667959	50667961	cg05761564
chr18	50725943	50725945	cg00465073
chr18	50729135	50729137	cg14613786
chr18	50729174	50729176	cg05941575
chr18	50729679	50729681	cg19962075
chr18	50729775	50729777	cg00019841
chr18	50729866	50729868	cg09677896
chr18	50733770	50733772	cg05955385
chr18	50797373	50797375	cg05872758
chr18	50801747	50801749	cg18553276
chr18	50819535	50819537	cg27318546
chr18	50819979	50819981	cg20398928
chr18	50820077	50820079	cg17133762
chr18	50820172	50820174	cg25151836
chr18	50820222	50820224	cg19355919
chr18	50820289	50820291	cg25067849
chr18	50820467	50820469	cg18850728
chr18	50820472	50820474	cg07811160
chr18	50825662	50825664	cg17334103
chr18	50826119	50826121	cg20211629
chr18	50826188	50826190	cg27612650
chr18	50876640	50876642	cg15967131
chr18	50878120	50878122	cg26727372
chr18	50878810	50878812	cg14676711
chr18	50878902	50878904	cg05746288
chr18	50878908	50878910	cg00178437
chr18	50878982	50878984	cg20227886
chr18	50879001	50879003	cg07262585
chr18	50879016	50879018	cg00264380
chr18	50879595	50879597	cg05265538
chr18	50879880	50879882	cg06777274
chr18	50882282	50882284	cg24502339
chr18	50949184	50949186	cg25782934
chr18	50965361	50965363	cg13236175
chr18	50967349	50967351	cg12793686
chr18	50967353	50967355	cg11682395
chr18	50967388	50967390	cg11911418
chr18	50967830	50967832	cg16121470
chr18	50967847	50967849	cg10678486
chr18	50968165	50968167	cg22532061
chr18	50968587	50968589	cg21461196
chr18	50986184	50986186	cg25040850
chr18	50987528	50987530	cg23708211
chr18	51029845	51029847	cg26909431
chr18	51029988	51029990	cg25778220
chr18	51030015	51030017	cg27092705
chr18	51030141	51030143	cg06329143
chr18	51030205	51030207	cg03500911
chr18	51030207	51030209	cg27644254
chr18	51030209	51030211	cg23885062
chr18	51030260	51030262	cg10315128
chr18	51030593	51030595	cg03255741
chr18	51030879	51030881	cg00735196
chr18	51030961	51030963	cg05416643
chr18	51031138	51031140	cg22501294
chr18	51033902	51033904	cg00400189
chr18	51070672	51070674	cg14037088
chr18	51082897	51082899	cg21417204
chr18	51193013	51193015	cg02895724
chr18	51194777	51194779	cg27511678
chr18	51196507	51196509	cg15579888
chr18	51196710	51196712	cg13673779
chr18	51196812	51196814	cg21605859
chr18	51197373	51197375	cg15901997
chr18	51197440	51197442	cg00009970
chr18	51197638	51197640	cg16401346
chr18	51197725	51197727	cg19151263
chr18	51197738	51197740	cg01307891
chr18	51197896	51197898	cg21317088
chr18	51197903	51197905	cg21968598
chr18	51197905	51197907	cg18088775
chr18	51198032	51198034	cg23530105
chr18	51200784	51200786	cg02926601
chr18	51620307	51620309	cg12958569
chr18	52163455	52163456	ch.18.975209F
chr18	52338899	52338901	cg05416337
chr18	52339117	52339119	cg21263710
chr18	52339340	52339342	cg02837027
chr18	52339420	52339422	cg06784848
chr18	52339478	52339480	cg14268020
chr18	52339600	52339602	cg25204852
chr18	52339631	52339633	cg25122395
chr18	52339694	52339696	cg16964748
chr18	52339714	52339716	cg02835371
chr18	52339726	52339728	cg14222939
chr18	52339839	52339841	cg18874136
chr18	52339843	52339845	cg14743291
chr18	52339933	52339935	cg21381065
chr18	52339964	52339966	cg18801691
chr18	52339990	52339992	cg19613722
chr18	52340000	52340002	cg19042459
chr18	52340036	52340038	cg07935012
chr18	52340041	52340043	cg00027400
chr18	52340160	52340162	cg07897248
chr18	52340177	52340179	cg21669679
chr18	52340746	52340748	cg06261937
chr18	52340755	52340757	cg25266232
chr18	52340902	52340904	cg23242898
chr18	52340988	52340990	cg04272086
chr18	52341117	52341119	cg05420896
chr18	52341730	52341732	cg25602457
chr18	52341805	52341807	cg20917891
chr18	52341865	52341867	cg18841634
chr18	52342007	52342009	cg00399483
chr18	52342106	52342108	cg01839464
chr18	52342142	52342144	cg21623566
chr18	52342181	52342183	cg18866015
chr18	52342417	52342419	cg24084891
chr18	52345643	52345645	cg25818763
chr18	52609268	52609270	cg19995964
chr18	53297166	53297168	cg24270629
chr18	53532338	53532340	cg16080643
chr18	53532394	53532396	cg03458463
chr18	53883379	53883380	ch.18.1002961R
chr18	54157840	54157842	cg25142283
chr18	54220852	54220854	cg16200116
chr18	54222551	54222553	cg23945382
chr18	54223788	54223790	cg11718707
chr18	54223791	54223793	cg27567880
chr18	54223817	54223819	cg22358797
chr18	54224000	54224002	cg27209994
chr18	54224579	54224581	cg23388714
chr18	54224584	54224586	cg16852837
chr18	54224714	54224716	cg22836370
chr18	54224721	54224723	cg24881765
chr18	54224892	54224894	cg22224310
chr18	54224984	54224986	cg17987217
chr18	54225020	54225022	cg15090185
chr18	54225379	54225381	cg25192916
chr18	54227995	54227997	cg17025459
chr18	54267077	54267079	cg00142378
chr18	54269155	54269157	cg06044794
chr18	54269341	54269343	cg17060274
chr18	54269361	54269363	cg01083994
chr18	54269391	54269393	cg12146178
chr18	54269438	54269440	cg24496481
chr18	54269444	54269446	cg06720001
chr18	54269450	54269452	cg04730925
chr18	54269464	54269466	cg26764215
chr18	54269515	54269517	cg06807593
chr18	54269524	54269526	cg21581129
chr18	54269643	54269645	cg25396236
chr18	54269957	54269959	cg13113052
chr18	54269960	54269962	cg02447314
chr18	54270082	54270084	cg06539757
chr18	54272451	54272453	cg16875711
chr18	54296972	54296974	cg07415530
chr18	54354907	54354909	cg08624068
chr18	54355007	54355009	cg25454843
chr18	54355792	54355794	cg23430415
chr18	54355818	54355820	cg18934187
chr18	54357577	54357579	cg27041649
chr18	54357959	54357961	cg07695826
chr18	54358422	54358424	cg08390021
chr18	54358426	54358428	cg00381076
chr18	54358600	54358602	cg18774755
chr18	54358604	54358606	cg23517607
chr18	54358611	54358613	cg05741611
chr18	54358618	54358620	cg25756869
chr18	54358659	54358661	cg15841212
chr18	54358722	54358724	cg18873439
chr18	54362026	54362028	cg06083659
chr18	54590170	54590172	cg15201115
chr18	54590950	54590952	cg14535531
chr18	54591002	54591004	cg23369111
chr18	54595323	54595325	cg01174441
chr18	54598278	54598280	cg27537795
chr18	54824551	54824553	cg17968599
chr18	54828172	54828174	cg12377874
chr18	54828309	54828311	cg06958567
chr18	54828373	54828375	cg09052983
chr18	54828401	54828403	cg16955166
chr18	54828508	54828510	cg14744537
chr18	54828512	54828514	cg27357282
chr18	54828528	54828530	cg12395929
chr18	54828564	54828566	cg14135988
chr18	54828616	54828618	cg05095774
chr18	54828749	54828751	cg19853516
chr18	54828838	54828840	cg22105582
chr18	54832702	54832704	cg23529677
chr18	54866875	54866877	cg03497549
chr18	54883031	54883033	cg16546376
chr18	54909648	54909650	cg13446802
chr18	54946332	54946334	cg03613525
chr18	54956208	54956210	cg27553564
chr18	54958133	54958135	cg07058998
chr18	54958136	54958138	cg12113740
chr18	54958212	54958214	cg16583884
chr18	54959244	54959246	cg07177852
chr18	54959292	54959294	cg12955441
chr18	54959436	54959438	cg12974637
chr18	54959541	54959543	cg03778029
chr18	54959616	54959618	cg26630735
chr18	54959895	54959897	cg14352267
chr18	54960101	54960103	cg12432709
chr18	54960387	54960389	cg06163274
chr18	54962771	54962773	cg26241877
chr18	54963240	54963242	cg16669619
chr18	55223785	55223787	cg03293350
chr18	55234729	55234731	cg00657460
chr18	55321853	55321855	cg03284649
chr18	55321923	55321925	cg27233989
chr18	55322372	55322374	cg25079568
chr18	55401689	55401691	cg15171911
chr18	55504699	55504701	cg17318716
chr18	55505228	55505230	cg12646307
chr18	55587631	55587633	cg19597776
chr18	55587831	55587833	cg25103850
chr18	55588169	55588171	cg22409420
chr18	55588343	55588345	cg15846488
chr18	55588539	55588541	cg08491964
chr18	55588662	55588664	cg14351528
chr18	55589787	55589789	cg01742897
chr18	55589796	55589798	cg02725055
chr18	55589921	55589923	cg15237265
chr18	55589994	55589996	cg23482397
chr18	55590108	55590110	cg07575784
chr18	55593702	55593704	cg21582489
chr18	55777840	55777842	cg22438006
chr18	55779296	55779298	cg07537739
chr18	55779552	55779554	cg15089705
chr18	55779979	55779981	cg19560701
chr18	55780328	55780330	cg27641522
chr18	55780362	55780364	cg22232327
chr18	55780364	55780366	cg07519816
chr18	55780609	55780611	cg00228017
chr18	55780957	55780959	cg07211476
chr18	55781616	55781618	cg16854312
chr18	55783120	55783122	cg25102293
chr18	56028417	56028419	cg14211837
chr18	56602957	56602959	cg17140299
chr18	56634338	56634340	cg20019168
chr18	56638055	56638057	cg06765434
chr18	56638208	56638210	cg23374762
chr18	56638257	56638259	cg10323240
chr18	56638567	56638569	cg13803262
chr18	56638725	56638727	cg18319916
chr18	56638728	56638730	cg13090731
chr18	56638747	56638749	cg16173322
chr18	56638769	56638771	cg19926161
chr18	56638848	56638850	cg12076048
chr18	56638854	56638856	cg08257047
chr18	56638888	56638890	cg09130402
chr18	56638953	56638955	cg18434998
chr18	56639029	56639031	cg00152799
chr18	56639205	56639207	cg24431033
chr18	56642210	56642212	cg00486358
chr18	56647612	56647614	cg11985745
chr18	56650640	56650642	cg16068401
chr18	56651092	56651094	cg17963797
chr18	56651115	56651117	cg07935287
chr18	56651158	56651160	cg04099673
chr18	56651258	56651260	cg26546504
chr18	56651329	56651331	cg24533565
chr18	56651380	56651382	cg23922867
chr18	56651383	56651385	cg07980804
chr18	56651433	56651435	cg12504187
chr18	56651550	56651552	cg27574168
chr18	56651708	56651710	cg05610632
chr18	56658392	56658394	cg03145767
chr18	56873896	56873898	cg26024874
chr18	57029292	57029294	cg22267910
chr18	57118057	57118059	cg22341513
chr18	57121197	57121199	cg03012785
chr18	57121737	57121739	cg25767345
chr18	57121826	57121828	cg20092531
chr18	57121961	57121963	cg13690424
chr18	57123148	57123150	cg17815035
chr18	57125378	57125380	cg15444472
chr18	57145835	57145837	cg15527308
chr18	57146098	57146100	cg13103259
chr18	57146957	57146959	cg16832592
chr18	57147071	57147073	cg16004501
chr18	57147158	57147160	cg19533231
chr18	57147316	57147318	cg16439118
chr18	57208338	57208340	cg00526387
chr18	57351355	57351357	cg03031613
chr18	57351418	57351420	cg00016439
chr18	57351953	57351955	cg01836567
chr18	57352075	57352077	cg05826255
chr18	57352389	57352391	cg09036612
chr18	57352437	57352439	cg16902385
chr18	57352476	57352478	cg22070406
chr18	57352479	57352481	cg24811864
chr18	57352611	57352613	cg13096208
chr18	57352867	57352869	cg04017533
chr18	57353092	57353094	cg03324087
chr18	57354045	57354047	cg00266920
chr18	57354310	57354312	cg03614193
chr18	57354437	57354439	cg06641153
chr18	57357442	57357444	cg21518865
chr18	57368765	57368767	cg06830348
chr18	57425276	57425278	cg16874580
chr18	57427541	57427543	cg13681081
chr18	57427944	57427946	cg05735180
chr18	57427996	57427998	cg03996195
chr18	57428016	57428018	cg15222899
chr18	57428322	57428324	cg13633270
chr18	57428653	57428655	cg16061498
chr18	57430228	57430230	cg18417953
chr18	57431217	57431219	cg20353935
chr18	57433425	57433427	cg07419144
chr18	57434732	57434734	cg20063141
chr18	57434772	57434774	cg25800170
chr18	57434977	57434979	cg09879099
chr18	57435228	57435230	cg21400015
chr18	57435394	57435396	cg01111358
chr18	57435616	57435618	cg14345128
chr18	57435680	57435682	cg05226967
chr18	57435683	57435685	cg08768621
chr18	57435689	57435691	cg15892115
chr18	57435692	57435694	cg06275813
chr18	57436120	57436122	cg02250594
chr18	57436329	57436331	cg20324206
chr18	57436501	57436503	cg25547580
chr18	57436552	57436554	cg23757446
chr18	57436845	57436847	cg02455094
chr18	57437395	57437397	cg16340618
chr18	57438089	57438091	cg12980128
chr18	57438647	57438649	cg07364220
chr18	57439052	57439054	cg12350762
chr18	57439104	57439106	cg06067372
chr18	57439864	57439866	cg01193769
chr18	57439943	57439945	cg27358469
chr18	57440003	57440005	cg03636532
chr18	57440522	57440524	cg24771804
chr18	57440835	57440837	cg00196827
chr18	57441107	57441109	cg15921100
chr18	57441205	57441207	cg04115544
chr18	57441304	57441306	cg20956738
chr18	57441619	57441621	cg10835584
chr18	57441714	57441716	cg16941302
chr18	57441886	57441888	cg13518992
chr18	57445510	57445512	cg11817589
chr18	57447397	57447399	cg15276629
chr18	57482801	57482803	cg07024339
chr18	57486415	57486417	cg05480377
chr18	57546830	57546832	cg17299799
chr18	57583335	57583337	cg07352016
chr18	57586047	57586049	cg24503881
chr18	57586410	57586412	cg14532644
chr18	57586715	57586717	cg26043149
chr18	57586845	57586847	cg26493532
chr18	57586859	57586861	cg00026731
chr18	57586879	57586881	cg07916377
chr18	57586895	57586897	cg24222377
chr18	57586931	57586933	cg18757962
chr18	57587005	57587007	cg05243804
chr18	57587275	57587277	cg15864104
chr18	57587294	57587296	cg21634100
chr18	57590048	57590050	cg18349660
chr18	57601436	57601438	cg07710247
chr18	57618514	57618516	cg27036456
chr18	57620629	57620631	cg16526848
chr18	57621408	57621410	cg21714610
chr18	57621765	57621767	cg25261764
chr18	57621865	57621867	cg24474701
chr18	57621998	57622000	cg00371926
chr18	57622092	57622094	cg16353345
chr18	57622107	57622109	cg12752396
chr18	57622111	57622113	cg06381846
chr18	57622142	57622144	cg00300859
chr18	57622147	57622149	cg01306161
chr18	57622564	57622566	cg21911276
chr18	57622582	57622584	cg20711496
chr18	57625325	57625327	cg22191973
chr18	57626259	57626261	cg18454218
chr18	57629671	57629673	cg19510478
chr18	57630186	57630188	cg17074000
chr18	57630295	57630297	cg15920310
chr18	57630426	57630428	cg02942044
chr18	57630560	57630562	cg23289615
chr18	57634670	57634672	cg25314216
chr18	57644981	57644983	cg20598643
chr18	57648498	57648500	cg03730389
chr18	57648615	57648617	cg21577007
chr18	57648639	57648641	cg16771467
chr18	57649694	57649696	cg26129353
chr18	57651483	57651485	cg12015279
chr18	57731770	57731772	cg25979644
chr18	57732845	57732847	cg16852357
chr18	57732849	57732851	cg18439779
chr18	57732934	57732936	cg18085435
chr18	57798838	57798840	cg13720048
chr18	57801788	57801790	cg12517027
chr18	57802276	57802278	cg17296729
chr18	57802525	57802527	cg16141316
chr18	57802631	57802633	cg03901351
chr18	57803168	57803170	cg11923627
chr18	57803171	57803173	cg15368722
chr18	57803273	57803275	cg10997922
chr18	57803788	57803790	cg21357291
chr18	57803842	57803844	cg16310513
chr18	57805221	57805223	cg19596477
chr18	57806989	57806991	cg03788952
chr18	58041040	58041042	cg18202392
chr18	58043546	58043548	cg24675664
chr18	58043596	58043598	cg16502980
chr18	58043732	58043734	cg07023867
chr18	58043762	58043764	cg12876333
chr18	58044305	58044307	cg09657097
chr18	58044731	58044733	cg03478631
chr18	58045189	58045191	cg18036248
chr18	58045743	58045745	cg13410877
chr18	58045950	58045952	cg14914822
chr18	58046819	58046821	cg20976694
chr18	58047160	58047162	cg21615397
chr18	58047437	58047439	cg26034769
chr18	58124222	58124224	cg15990955
chr18	58148444	58148446	cg00781795
chr18	58148651	58148653	cg05276978
chr18	58149200	58149202	cg00809267
chr18	58149444	58149446	cg16467015
chr18	58175372	58175374	cg03604930
chr18	58192540	58192542	cg17066033
chr18	58194804	58194806	cg07324054
chr18	58194825	58194827	cg18720828
chr18	58194878	58194880	cg18524262
chr18	58195344	58195346	cg27105827
chr18	58195394	58195396	cg15733882
chr18	58195443	58195445	cg15245625
chr18	58195445	58195447	cg25693302
chr18	58195478	58195480	cg21068094
chr18	58195530	58195532	cg14186816
chr18	58195639	58195641	cg17889402
chr18	58196442	58196444	cg13009302
chr18	58199223	58199225	cg03593076
chr18	58220530	58220532	cg27337209
chr18	58220632	58220634	cg18971282
chr18	58221162	58221164	cg20659941
chr18	58221407	58221409	cg16576811
chr18	58221557	58221559	cg02937491
chr18	58221599	58221601	cg02870676
chr18	58252400	58252402	cg17017564
chr18	58255514	58255516	cg21585100
chr18	58255889	58255891	cg05290572
chr18	58256662	58256664	cg11211204
chr18	58256772	58256774	cg12079266
chr18	58257655	58257657	cg23757461
chr18	58258875	58258877	cg23507796
chr18	58301196	58301198	cg12827950
chr18	58392323	58392325	cg26938118
chr18	58400229	58400231	cg18687085
chr18	58449783	58449785	cg19312305
chr18	58449912	58449914	cg02491947
chr18	58450094	58450096	cg12907477
chr18	58450458	58450460	cg05249155
chr18	58450955	58450957	cg15859926
chr18	58451057	58451059	cg00481280
chr18	58481384	58481386	cg15210127
chr18	58579764	58579766	cg15783800
chr18	58612701	58612703	cg00865541
chr18	58628861	58628863	cg14386193
chr18	58629010	58629012	cg00031779
chr18	58629121	58629123	cg27555092
chr18	58629216	58629218	cg07910680
chr18	58629263	58629265	cg27614534
chr18	58629311	58629313	cg25407077
chr18	58629374	58629376	cg02269083
chr18	58668285	58668287	cg25369616
chr18	58669932	58669934	cg15252509
chr18	58670987	58670989	cg23450680
chr18	58671025	58671027	cg10897648
chr18	58671028	58671030	cg24182998
chr18	58671065	58671067	cg20460697
chr18	58671275	58671277	cg16637619
chr18	58671277	58671279	cg03361575
chr18	58671332	58671334	cg25075644
chr18	58671351	58671353	cg17903999
chr18	58671426	58671428	cg27604671
chr18	58671428	58671430	cg06805873
chr18	58672021	58672023	cg21074092
chr18	58672934	58672936	cg21396956
chr18	58675872	58675874	cg03254534
chr18	58755449	58755451	cg23466059
chr18	58768378	58768380	cg21434046
chr18	58768460	58768462	cg07608482
chr18	58768626	58768628	cg15700180
chr18	58768749	58768751	cg16720078
chr18	58769022	58769024	cg18224262
chr18	58772003	58772005	cg14393952
chr18	58847340	58847342	cg16442587
chr18	58859362	58859364	cg15871086
chr18	58861446	58861448	cg24049621
chr18	58861916	58861918	cg26172016
chr18	58862551	58862553	cg17675150
chr18	58862602	58862604	cg21867891
chr18	58862619	58862621	cg05800761
chr18	58862633	58862635	cg23309969
chr18	58862645	58862647	cg25401010
chr18	58862873	58862875	cg06487082
chr18	58863069	58863071	cg12406559
chr18	58863187	58863189	cg12737497
chr18	58863556	58863558	cg17289202
chr18	58863899	58863901	cg04212150
chr18	58863926	58863928	cg03096126
chr18	58865200	58865202	cg14269096
chr18	58865395	58865397	cg24243629
chr18	58867593	58867595	cg21710408
chr18	58928588	58928590	cg05603258
chr18	58958587	58958588	ch.18.1114073F
chr18	58985496	58985498	cg14517073
chr18	59034285	59034287	cg25730020
chr18	59034518	59034520	cg26919186
chr18	59035321	59035323	cg11864583
chr18	59035398	59035400	cg01640765
chr18	59035605	59035607	cg13803647
chr18	59035680	59035682	cg27400216
chr18	59042303	59042305	cg14218844
chr18	59135380	59135382	cg14786381
chr18	59139110	59139112	cg20143859
chr18	59139391	59139393	cg09419116
chr18	59139414	59139416	cg05899224
chr18	59139483	59139485	cg14185670
chr18	59139704	59139706	cg20600053
chr18	59139802	59139804	cg15358743
chr18	59139810	59139812	cg21722362
chr18	59139821	59139823	cg23583291
chr18	59139985	59139987	cg22091132
chr18	59140191	59140193	cg24849565
chr18	59140315	59140317	cg17832162
chr18	59142484	59142486	cg11786338
chr18	59217121	59217123	cg27181574
chr18	59219682	59219684	cg01625242
chr18	59219769	59219771	cg16899265
chr18	59219797	59219799	cg25260683
chr18	59219961	59219963	cg15633664
chr18	59220038	59220040	cg26460471
chr18	59220046	59220048	cg03563308
chr18	59220077	59220079	cg24131595
chr18	59220087	59220089	cg12927990
chr18	59220118	59220120	cg15108347
chr18	59220171	59220173	cg27338487
chr18	59220177	59220179	cg17093795
chr18	59220418	59220420	cg15509687
chr18	59220552	59220554	cg23357981
chr18	59221689	59221691	cg19611392
chr18	59222315	59222317	cg00980625
chr18	59222515	59222517	cg23518678
chr18	59230538	59230540	cg26474014
chr18	59263219	59263221	cg22154449
chr18	59264342	59264344	cg12835181
chr18	59264849	59264851	cg19165390
chr18	59264936	59264938	cg22072795
chr18	59265081	59265083	cg22491141
chr18	59265481	59265483	cg05568490
chr18	59265639	59265641	cg15133018
chr18	59265760	59265762	cg00885606
chr18	59267601	59267603	cg26775191
chr18	59267780	59267782	cg12083217
chr18	59267966	59267968	cg12605662
chr18	59268213	59268215	cg07835051
chr18	59268704	59268706	cg07099161
chr18	59269201	59269203	cg27602263
chr18	59269466	59269468	cg25112291
chr18	59269649	59269651	cg15172543
chr18	59270539	59270541	cg19621753
chr18	59270673	59270675	cg03160145
chr18	59272789	59272791	cg19576304
chr18	59273100	59273102	cg06676637
chr18	59273185	59273187	cg00397673
chr18	59273230	59273232	cg05945059
chr18	59273460	59273462	cg27019126
chr18	59273522	59273524	cg08724563
chr18	59273534	59273536	cg03074888
chr18	59274013	59274015	cg27189087
chr18	59274240	59274242	cg03671802
chr18	59274473	59274475	cg00814752
chr18	59274833	59274835	cg06620569
chr18	59276343	59276345	cg15103584
chr18	59296509	59296511	cg12259892
chr18	59305816	59305818	cg13749420
chr18	59307212	59307214	cg13238909
chr18	59308806	59308808	cg16862624
chr18	59308860	59308862	cg00511081
chr18	59308953	59308955	cg03110300
chr18	59311808	59311810	cg27535687
chr18	59318987	59318989	cg13168374
chr18	59319083	59319085	cg19361269
chr18	59320083	59320085	cg21013983
chr18	59330749	59330751	cg05584737
chr18	59354892	59354894	cg25361621
chr18	59357284	59357286	cg23876292
chr18	59358908	59358910	cg20488244
chr18	59358959	59358961	cg17709676
chr18	59359258	59359260	cg13734446
chr18	59359270	59359272	cg26514337
chr18	59359460	59359462	cg14612068
chr18	59359525	59359527	cg14460968
chr18	59359535	59359537	cg17548709
chr18	59359777	59359779	cg13403615
chr18	59363148	59363150	cg26163704
chr18	59434331	59434333	cg17112707
chr18	59440823	59440825	cg26685743
chr18	59693074	59693076	cg26068292
chr18	59695848	59695850	cg23903160
chr18	59696458	59696460	cg19184415
chr18	59696482	59696484	cg16423682
chr18	59696683	59696685	cg15215560
chr18	59696903	59696905	cg27037551
chr18	59697258	59697260	cg17298666
chr18	59697354	59697356	cg02774186
chr18	59697489	59697491	cg13643894
chr18	59697629	59697631	cg07126263
chr18	59697635	59697637	cg16443424
chr18	59697639	59697641	cg01281285
chr18	59697883	59697885	cg26965275
chr18	59698287	59698289	cg01511828
chr18	59699823	59699825	cg21454161
chr18	59897664	59897666	cg24741744
chr18	59898123	59898125	cg12741572
chr18	59898911	59898913	cg11957475
chr18	59899067	59899069	cg22549408
chr18	59899227	59899229	cg05157251
chr18	59899767	59899769	cg05585821
chr18	59899774	59899776	cg23491124
chr18	59899916	59899918	cg14300568
chr18	59899921	59899923	cg16855401
chr18	59899925	59899927	cg18273088
chr18	59900038	59900040	cg13415207
chr18	59900160	59900162	cg17283601
chr18	59900464	59900466	cg26681875
chr18	59967074	59967076	cg16261857
chr18	59967703	59967705	cg17311683
chr18	59969437	59969439	cg26211724
chr18	59970675	59970677	cg26697650
chr18	59973057	59973059	cg05769108
chr18	60017587	60017589	cg03244428
chr18	60252124	60252126	cg05435224
chr18	60371334	60371336	cg25121146
chr18	60372296	60372298	cg02037013
chr18	60372698	60372700	cg13365022
chr18	60372734	60372736	cg18233497
chr18	60372787	60372789	cg10097150
chr18	60372979	60372981	cg13645651
chr18	61329551	61329553	cg27395310
chr18	61333264	61333266	cg26046467
chr18	61333566	61333568	cg15264806
chr18	61333626	61333628	cg23085662
chr18	61333924	61333926	cg18044383
chr18	61334164	61334166	cg12816979
chr18	61334442	61334444	cg04908789
chr18	61334457	61334459	cg02278437
chr18	61334492	61334494	cg06197114
chr18	61336036	61336038	cg12613129
chr18	61337036	61337038	cg19314136
chr18	61489393	61489395	cg03319695
chr18	61490645	61490647	cg18509435
chr18	61492169	61492171	cg02986451
chr18	61551563	61551565	cg00095259
chr18	61554086	61554088	cg06823108
chr18	61554224	61554226	cg02050426
chr18	61554367	61554369	cg25423077
chr18	61554751	61554753	cg13161901
chr18	61554816	61554818	cg02758247
chr18	61815489	61815491	cg26613312
chr18	61816207	61816209	cg21459532
chr18	61890487	61890489	cg05314096
chr18	61892857	61892859	cg19423014
chr18	61892957	61892959	cg06464594
chr18	61893055	61893057	cg01037637
chr18	61893131	61893133	cg03004714
chr18	61893137	61893139	cg14360865
chr18	61893160	61893162	cg07980518
chr18	61893199	61893201	cg07486895
chr18	61893261	61893263	cg17020562
chr18	61893987	61893989	cg11967888
chr18	61894317	61894319	cg03424826
chr18	61894417	61894419	cg06352072
chr18	61894886	61894888	cg25453381
chr18	61896979	61896981	cg07229688
chr18	62044800	62044802	cg05732725
chr18	62070151	62070153	cg12666530
chr18	62186682	62186684	cg23570958
chr18	62186744	62186746	cg02043585
chr18	62186961	62186963	cg00049330
chr18	62187005	62187007	cg18661731
chr18	62187031	62187033	cg14161348
chr18	62187139	62187141	cg09124093
chr18	62187172	62187174	cg00854751
chr18	62187361	62187363	cg12438558
chr18	62187381	62187383	cg14387610
chr18	62187888	62187890	cg00284005
chr18	62188040	62188042	cg18633379
chr18	62190319	62190321	cg25927259
chr18	62220885	62220887	cg22568695
chr18	62321811	62321813	cg20274965
chr18	62324923	62324925	cg11966450
chr18	62325018	62325020	cg07888234
chr18	62325046	62325048	cg15961044
chr18	62325116	62325118	cg11815914
chr18	62325151	62325153	cg11697226
chr18	62325153	62325155	cg24422198
chr18	62325267	62325269	cg15363349
chr18	62325750	62325752	cg01765461
chr18	62326165	62326167	cg14532069
chr18	62326669	62326671	cg16174779
chr18	62330250	62330252	cg15315773
chr18	62331495	62331497	cg17279410
chr18	62383353	62383355	cg24258439
chr18	62384636	62384638	cg16954577
chr18	62384814	62384816	cg19524723
chr18	62385138	62385140	cg22205276
chr18	62385152	62385154	cg17804850
chr18	62385230	62385232	cg25740602
chr18	62387850	62387852	cg00001930
chr18	62518844	62518846	cg05121497
chr18	62522173	62522175	cg12598099
chr18	62522457	62522459	cg03524223
chr18	62522517	62522519	cg26223989
chr18	62522930	62522932	cg10139470
chr18	62522984	62522986	cg18104674
chr18	62523343	62523345	cg07372879
chr18	62523359	62523361	cg12217982
chr18	62523373	62523375	cg16636641
chr18	62523410	62523412	cg15716185
chr18	62523455	62523457	cg16707720
chr18	62523462	62523464	cg01628954
chr18	62523470	62523472	cg19104836
chr18	62523805	62523807	cg05296255
chr18	62524170	62524172	cg01631325
chr18	62524285	62524287	cg08135234
chr18	62524437	62524439	cg06467181
chr18	62525659	62525661	cg06603074
chr18	62526606	62526608	cg13506219
chr18	62526970	62526972	cg05877101
chr18	62527118	62527120	cg06062848
chr18	62578353	62578355	cg13863769
chr18	62579343	62579344	ch.18.1186861R
chr18	62592992	62592994	cg07429775
chr18	62596009	62596011	cg16758317
chr18	62596354	62596356	cg11474864
chr18	62596412	62596414	cg24213719
chr18	62596666	62596668	cg06980251
chr18	62596739	62596741	cg00731917
chr18	62597013	62597015	cg09944027
chr18	62597320	62597322	cg24439448
chr18	62600669	62600671	cg24172772
chr18	62610864	62610866	cg25321332
chr18	62611119	62611121	cg26707664
chr18	62711956	62711958	cg16353953
chr18	62714359	62714361	cg02927747
chr18	62715071	62715073	cg14152948
chr18	62715285	62715287	cg26710686
chr18	62715307	62715309	cg01250175
chr18	62715309	62715311	cg05048372
chr18	62715351	62715353	cg13898518
chr18	62715405	62715407	cg22065367
chr18	62715424	62715426	cg18505879
chr18	62715439	62715441	cg05336156
chr18	62716233	62716235	cg02543960
chr18	62716438	62716440	cg20317272
chr18	62716908	62716910	cg07774879
chr18	62717136	62717138	cg00453111
chr18	62717308	62717310	cg24717029
chr18	62718039	62718041	cg05875463
chr18	62719438	62719440	cg05073720
chr18	62800146	62800148	cg26166935
chr18	62813784	62813786	cg07187971
chr18	62979380	62979382	cg13381110
chr18	62979437	62979439	cg16978268
chr18	63124480	63124482	cg21984711
chr18	63125112	63125114	cg13521170
chr18	63125364	63125366	cg17192381
chr18	63236600	63236602	cg08223235
chr18	63237003	63237005	cg12459502
chr18	63237094	63237096	cg25059899
chr18	63237184	63237186	cg23756272
chr18	63317251	63317253	cg27569829
chr18	63317422	63317424	cg25373630
chr18	63318035	63318037	cg14544831
chr18	63318146	63318148	cg21602520
chr18	63318402	63318404	cg14889643
chr18	63318411	63318413	cg17602451
chr18	63318498	63318500	cg24740531
chr18	63318725	63318727	cg05858920
chr18	63318792	63318794	cg01803238
chr18	63318881	63318883	cg11330108
chr18	63319313	63319315	cg27388618
chr18	63319352	63319354	cg21777986
chr18	63319388	63319390	cg09752703
chr18	63319420	63319422	cg12461368
chr18	63319445	63319447	cg03813215
chr18	63319508	63319510	cg18423859
chr18	63319520	63319522	cg05877143
chr18	63319532	63319534	cg14604802
chr18	63319536	63319538	cg05945943
chr18	63319626	63319628	cg16445842
chr18	63319657	63319659	cg17173732
chr18	63319677	63319679	cg08554462
chr18	63319709	63319711	cg23699933
chr18	63319864	63319866	cg27347932
chr18	63320191	63320193	cg25730573
chr18	63320195	63320197	cg14455307
chr18	63320207	63320209	cg06881186
chr18	63320212	63320214	cg16003390
chr18	63320536	63320538	cg07111678
chr18	63320574	63320576	cg11255230
chr18	63320578	63320580	cg20777956
chr18	63320670	63320672	cg22152050
chr18	63320783	63320785	cg12953669
chr18	63320822	63320824	cg05724997
chr18	63320824	63320826	cg12090740
chr18	63320851	63320853	cg26277730
chr18	63320862	63320864	cg21793948
chr18	63320865	63320867	cg23707289
chr18	63320921	63320923	cg05927017
chr18	63321231	63321233	cg24408313
chr18	63323075	63323077	cg11679149
chr18	63331515	63331517	cg19216285
chr18	63362825	63362827	cg03501128
chr18	63366384	63366386	cg22078572
chr18	63366745	63366747	cg07183316
chr18	63367090	63367092	cg05306176
chr18	63367241	63367243	cg14909906
chr18	63367322	63367324	cg23613305
chr18	63367331	63367333	cg14776016
chr18	63367349	63367351	cg25770397
chr18	63367421	63367423	cg15661337
chr18	63367711	63367713	cg19759864
chr18	63367739	63367741	cg18464001
chr18	63367821	63367823	cg13932995
chr18	63367999	63368001	cg20217034
chr18	63370525	63370527	cg16661464
chr18	63389856	63389858	cg25271770
chr18	63419242	63419244	cg16800343
chr18	63421920	63421922	cg05934874
chr18	63422029	63422031	cg07595909
chr18	63422371	63422373	cg19886613
chr18	63422378	63422380	cg03803858
chr18	63422499	63422501	cg19062379
chr18	63422564	63422566	cg15887383
chr18	63422639	63422641	cg22544720
chr18	63422698	63422700	cg18216767
chr18	63422714	63422716	cg25161114
chr18	63422751	63422753	cg03093033
chr18	63422842	63422844	cg02359346
chr18	63423047	63423049	cg13613748
chr18	63426257	63426259	cg19864271
chr18	63475963	63475965	cg12199031
chr18	63475984	63475986	cg25653759
chr18	63476057	63476059	cg19043778
chr18	63476346	63476348	cg20947866
chr18	63476396	63476398	cg25841373
chr18	63476692	63476694	cg20490031
chr18	63476699	63476701	cg03285468
chr18	63476711	63476713	cg19022006
chr18	63476727	63476729	cg11862144
chr18	63476759	63476761	cg26753302
chr18	63476916	63476918	cg21807034
chr18	63476943	63476945	cg20837735
chr18	63477016	63477018	cg08411049
chr18	63477105	63477107	cg15422147
chr18	63489831	63489833	cg00226904
chr18	63490244	63490246	cg07331725
chr18	63490381	63490383	cg06682185
chr18	63490504	63490506	cg23824713
chr18	63504124	63504126	cg07578439
chr18	63504460	63504462	cg21833158
chr18	63504488	63504490	cg06689039
chr18	63554830	63554832	cg12412154
chr18	63555453	63555455	cg11435943
chr18	63556143	63556145	cg00005215
chr18	63556330	63556332	cg03468463
chr18	63585916	63585918	cg01056135
chr18	63586612	63586614	cg06538870
chr18	63587186	63587188	cg19299162
chr18	63587212	63587214	cg00674043
chr18	63587326	63587328	cg18121684
chr18	63588436	63588438	cg07691874
chr18	63597136	63597138	cg24536163
chr18	63597369	63597371	cg20471736
chr18	63643391	63643393	cg24546942
chr18	63645132	63645134	cg25485091
chr18	63645242	63645244	cg03294557
chr18	63655532	63655534	cg26456274
chr18	63660988	63660990	cg15772361
chr18	63662017	63662019	cg03404572
chr18	63662879	63662881	cg27484456
chr18	63701579	63701581	cg08050656
chr18	63701667	63701669	cg14572895
chr18	63701971	63701973	cg19952821
chr18	63708387	63708389	cg17192315
chr18	63751842	63751844	cg14426174
chr18	63752566	63752568	cg00442924
chr18	63753099	63753101	cg26646554
chr18	63774311	63774313	cg24349668
chr18	63774495	63774497	cg01568736
chr18	63775803	63775805	cg17251713
chr18	63788144	63788146	cg26877588
chr18	63804910	63804912	cg21354912
chr18	63886731	63886733	cg24691255
chr18	63886768	63886770	cg15747712
chr18	63890452	63890454	cg23582644
chr18	63890500	63890502	cg20875821
chr18	63900618	63900620	cg07871472
chr18	63916464	63916466	cg23696618
chr18	63932360	63932362	cg06156844
chr18	63934727	63934729	cg22371956
chr18	63936444	63936446	cg02875788
chr18	63936511	63936513	cg02373380
chr18	63936554	63936556	cg20854551
chr18	63937002	63937004	cg19766763
chr18	63937008	63937010	cg12366685
chr18	63937132	63937134	cg03671431
chr18	63940234	63940236	cg17933231
chr18	63948329	63948331	cg16258076
chr18	63949134	63949136	cg14613540
chr18	63949155	63949157	cg14575053
chr18	63949216	63949218	cg15306209
chr18	63949218	63949220	cg25583128
chr18	63949257	63949259	cg13871400
chr18	63949291	63949293	cg23782616
chr18	63949346	63949348	cg25794823
chr18	63949483	63949485	cg26385283
chr18	63949627	63949629	cg03987884
chr18	63967059	63967061	cg16419526
chr18	63969488	63969490	cg21503619
chr18	63969544	63969546	cg27100123
chr18	63969870	63969872	cg22265394
chr18	63969893	63969895	cg23686174
chr18	63970064	63970066	cg00615915
chr18	63970206	63970208	cg00050590
chr18	63970459	63970461	cg22303084
chr18	63970702	63970704	cg19354091
chr18	63970920	63970922	cg15823982
chr18	63979651	63979653	cg07565089
chr18	63986353	63986355	cg14939475
chr18	63987383	63987385	cg21266547
chr18	63999186	63999188	cg26411672
chr18	64001857	64001859	cg25114523
chr18	64002705	64002707	cg13939809
chr18	64002972	64002974	cg06595072
chr18	64003178	64003180	cg24293948
chr18	64084380	64084382	cg06069685
chr18	64149308	64149310	cg10054857
chr18	64149401	64149403	cg01722450
chr18	64149853	64149855	cg19981951
chr18	64150008	64150010	cg05155520
chr18	64150085	64150087	cg18827787
chr18	64701396	64701397	ch.18.1233013F
chr18	65749491	65749493	cg14166494
chr18	65750148	65750150	cg02835467
chr18	65750155	65750157	cg04564030
chr18	65750368	65750370	cg00333824
chr18	65750432	65750434	cg05637351
chr18	65750539	65750541	cg02370605
chr18	65750546	65750548	cg00589371
chr18	65751167	65751169	cg19119032
chr18	65751346	65751348	cg14120010
chr18	65751435	65751437	cg00468820
chr18	65880567	65880569	cg15359867
chr18	66604103	66604105	cg16489926
chr18	66604231	66604233	cg15728909
chr18	66604265	66604267	cg13853450
chr18	67265836	67265838	cg01232969
chr18	67513017	67513019	cg25533423
chr18	67514517	67514519	cg25677027
chr18	67515418	67515420	cg06627151
chr18	67516114	67516116	cg13390743
chr18	67516328	67516330	cg05851163
chr18	67516507	67516509	cg07910813
chr18	67517060	67517062	cg25212146
chr18	67517160	67517162	cg25010118
chr18	67517362	67517364	cg25522355
chr18	67519538	67519540	cg06892272
chr18	68675814	68675816	cg15884031
chr18	68712339	68712341	cg19204328
chr18	68714105	68714107	cg06923616
chr18	68714268	68714270	cg22224628
chr18	68714839	68714841	cg14309500
chr18	68714988	68714990	cg14941466
chr18	68715183	68715185	cg25000158
chr18	68715189	68715191	cg15066777
chr18	68715201	68715203	cg23831597
chr18	68715227	68715229	cg18556345
chr18	68715233	68715235	cg15552529
chr18	68715248	68715250	cg20019658
chr18	68715258	68715260	cg06635623
chr18	68715313	68715315	cg15275100
chr18	68715321	68715323	cg12522039
chr18	68715975	68715977	cg12487792
chr18	68716067	68716069	cg05188150
chr18	68718469	68718471	cg19248673
chr18	68722182	68722184	cg19283806
chr18	68797122	68797124	cg25611570
chr18	68798096	68798098	cg23484392
chr18	68803819	68803821	cg23801782
chr18	68836988	68836990	cg15081561
chr18	68837151	68837153	cg03686067
chr18	69027079	69027081	cg22227582
chr18	69397149	69397151	cg20105610
chr18	69400024	69400026	cg24479776
chr18	69400484	69400486	cg05588496
chr18	69400630	69400632	cg27347269
chr18	69400656	69400658	cg12799689
chr18	69401031	69401033	cg23217126
chr18	69401220	69401222	cg15916399
chr18	69401493	69401495	cg23434186
chr18	69402722	69402724	cg03790988
chr18	69402808	69402810	cg20103519
chr18	69402883	69402885	cg19513940
chr18	69402933	69402935	cg00433861
chr18	69403087	69403089	cg13890379
chr18	69403224	69403226	cg20169576
chr18	69404972	69404974	cg00151170
chr18	69469573	69469575	cg27408897
chr18	69469739	69469741	cg22374213
chr18	69469793	69469795	cg22188815
chr18	69469908	69469910	cg04708585
chr18	69469945	69469947	cg16065234
chr18	69471331	69471333	cg25279555
chr18	69472244	69472246	cg25968937
chr18	69795718	69795720	cg07148459
chr18	69841429	69841431	cg12624274
chr18	69943174	69943176	cg12032103
chr18	69950052	69950054	cg15663348
chr18	69956834	69956836	cg13164537
chr18	69957027	69957029	cg26848442
chr18	69957156	69957158	cg12929678
chr18	69957609	69957611	cg20768743
chr18	69957704	69957706	cg25427967
chr18	69957826	69957828	cg26246840
chr18	70068638	70068640	cg06282189
chr18	70201329	70201331	cg06298689
chr18	70205509	70205511	cg03647455
chr18	70205660	70205662	cg06118578
chr18	70205665	70205667	cg22223655
chr18	70205682	70205684	cg27359501
chr18	70205763	70205765	cg24911934
chr18	70205799	70205801	cg20423427
chr18	70205821	70205823	cg13359134
chr18	70205824	70205826	cg00002236
chr18	70205888	70205890	cg12375025
chr18	70205897	70205899	cg24218995
chr18	70206096	70206098	cg17023972
chr18	70206103	70206105	cg18824571
chr18	70206111	70206113	cg15656901
chr18	70206429	70206431	cg12293415
chr18	70207194	70207196	cg10892794
chr18	70208877	70208879	cg19723154
chr18	70284849	70284851	cg26828842
chr18	70288300	70288302	cg13738652
chr18	70288624	70288626	cg00474194
chr18	70288633	70288635	cg26407641
chr18	70288645	70288647	cg25753555
chr18	70288723	70288725	cg15510593
chr18	70289352	70289354	cg03553604
chr18	70289824	70289826	cg07457944
chr18	70289968	70289970	cg26200141
chr18	70292141	70292143	cg11890453
chr18	70330188	70330190	cg13360215
chr18	70428387	70428389	cg06954520
chr18	70430303	70430305	cg00737904
chr18	70430649	70430651	cg24545908
chr18	70430692	70430694	cg12205742
chr18	70430858	70430860	cg23779421
chr18	70430946	70430948	cg18448224
chr18	70434067	70434069	cg15225160
chr18	71032545	71032547	cg21078966
chr18	71033237	71033239	cg15853614
chr18	72537985	72537987	cg21298444
chr18	72539235	72539237	cg03521982
chr18	72539689	72539691	cg19181692
chr18	72540828	72540830	cg27373591
chr18	72541121	72541123	cg24956253
chr18	72542196	72542198	cg13478228
chr18	72542315	72542317	cg15733692
chr18	72542789	72542791	cg17952513
chr18	72543197	72543199	cg03561455
chr18	72543247	72543249	cg01908010
chr18	72543258	72543260	cg19202058
chr18	72543583	72543585	cg21529405
chr18	72543719	72543721	cg18596362
chr18	72544279	72544281	cg21902544
chr18	72544538	72544540	cg05928649
chr18	72544599	72544601	cg27376271
chr18	72544680	72544682	cg26966630
chr18	72544723	72544725	cg00231483
chr18	72544726	72544728	cg03566107
chr18	72544738	72544740	cg25538235
chr18	72545238	72545240	cg01306579
chr18	72835277	72835279	cg17327268
chr18	72865842	72865844	cg13861749
chr18	72866874	72866876	cg23505303
chr18	72867062	72867064	cg23883696
chr18	72867080	72867082	cg03524083
chr18	72867298	72867300	cg26186727
chr18	72867531	72867533	cg18448581
chr18	72867769	72867771	cg18651870
chr18	72868100	72868102	cg12921750
chr18	72868170	72868172	cg24863335
chr18	72868689	72868691	cg21922574
chr18	72869225	72869227	cg13644317
chr18	72869571	72869573	cg06544405
chr18	72871129	72871131	cg18558808
chr18	72871388	72871390	cg01142445
chr18	72872840	72872842	cg23806014
chr18	74074090	74074092	cg23634681
chr18	74082747	74082749	cg25740500
chr18	74143998	74144000	cg03225548
chr18	74145463	74145465	cg00895070
chr18	74147625	74147627	cg26909237
chr18	74147837	74147839	cg19578388
chr18	74147842	74147844	cg24372565
chr18	74147850	74147852	cg05386387
chr18	74147887	74147889	cg14761252
chr18	74147919	74147921	cg16479341
chr18	74147925	74147927	cg20645941
chr18	74147933	74147935	cg07182965
chr18	74148010	74148012	cg16378950
chr18	74148019	74148021	cg13195667
chr18	74148033	74148035	cg12091503
chr18	74148136	74148138	cg03954150
chr18	74148405	74148407	cg15974085
chr18	74148449	74148451	cg20250274
chr18	74148451	74148453	cg21789870
chr18	74148462	74148464	cg05208237
chr18	74148479	74148481	cg03959733
chr18	74148533	74148535	cg03595406
chr18	74151189	74151191	cg07870633
chr18	74151715	74151717	cg24167378
chr18	74155108	74155110	cg12270480
chr18	74158524	74158526	cg19386714
chr18	74288292	74288294	cg16924061
chr18	74290660	74290662	cg21899520
chr18	74291212	74291214	cg23685965
chr18	74291668	74291670	cg21951216
chr18	74291856	74291858	cg10878998
chr18	74291932	74291934	cg26569453
chr18	74291934	74291936	cg06007607
chr18	74292008	74292010	cg20256961
chr18	74292013	74292015	cg23780514
chr18	74292077	74292079	cg25481635
chr18	74292166	74292168	cg24304618
chr18	74292171	74292173	cg07544653
chr18	74292359	74292361	cg27662877
chr18	74292448	74292450	cg22456192
chr18	74292559	74292561	cg05471090
chr18	74313146	74313148	cg14402530
chr18	74315455	74315457	cg27020668
chr18	74315671	74315673	cg03617700
chr18	74316139	74316141	cg04304659
chr18	74316164	74316166	cg22319160
chr18	74316386	74316388	cg23799225
chr18	74316588	74316590	cg27353962
chr18	74320383	74320385	cg15989720
chr18	74435760	74435762	cg15129815
chr18	74453379	74453381	cg23875391
chr18	74453918	74453920	cg25545739
chr18	74456220	74456222	cg12195742
chr18	74456371	74456373	cg11993230
chr18	74456722	74456724	cg01226265
chr18	74457424	74457426	cg27592410
chr18	74457445	74457447	cg07853104
chr18	74457447	74457449	cg06365984
chr18	74457449	74457451	cg18820209
chr18	74457555	74457557	cg13612295
chr18	74458123	74458125	cg00603097
chr18	74458308	74458310	cg13218688
chr18	74460236	74460238	cg06397427
chr18	74484839	74484841	cg23973972
chr18	74485078	74485080	cg27477494
chr18	74492841	74492843	cg19523664
chr18	74495463	74495465	cg07759801
chr18	74495713	74495715	cg23366119
chr18	74495913	74495915	cg02852873
chr18	74495942	74495944	cg11859220
chr18	74495962	74495964	cg01794711
chr18	74496150	74496152	cg13873920
chr18	74496155	74496157	cg00624834
chr18	74496216	74496218	cg25460935
chr18	74496339	74496341	cg26820220
chr18	74496459	74496461	cg17941202
chr18	74496766	74496768	cg03669052
chr18	74498780	74498782	cg16387467
chr18	74499067	74499069	cg14963724
chr18	74499088	74499090	cg27029518
chr18	74499951	74499953	cg26446133
chr18	74499977	74499979	cg25817165
chr18	74501365	74501367	cg15896356
chr18	74520226	74520228	cg18046122
chr18	74533390	74533392	cg16064925
chr18	74533782	74533784	cg19314834
chr18	74533822	74533824	cg14462906
chr18	74533942	74533944	cg22722454
chr18	74534268	74534270	cg16029351
chr18	74534354	74534356	cg16891318
chr18	74534419	74534421	cg02840828
chr18	74534427	74534429	cg05851240
chr18	74534429	74534431	cg03148084
chr18	74534480	74534482	cg12811033
chr18	74534528	74534530	cg03775901
chr18	74534539	74534541	cg15441535
chr18	74534549	74534551	cg00226849
chr18	74539465	74539467	cg12031346
chr18	74584927	74584929	cg21700214
chr18	74593476	74593478	cg02990742
chr18	74596451	74596453	cg20276402
chr18	74597658	74597660	cg20650861
chr18	74597772	74597774	cg02318516
chr18	74597781	74597783	cg11200644
chr18	74597785	74597787	cg12111933
chr18	74597927	74597929	cg14059978
chr18	74597981	74597983	cg23404643
chr18	74597994	74597996	cg14434408
chr18	74597996	74597998	cg17871792
chr18	74598025	74598027	cg18780730
chr18	74598031	74598033	cg27329548
chr18	74598043	74598045	cg15217867
chr18	74598124	74598126	cg18413367
chr18	74598349	74598351	cg13203249
chr18	74598426	74598428	cg17374051
chr18	74598857	74598859	cg04274800
chr18	74598918	74598920	cg16520225
chr18	74600911	74600913	cg25095029
chr18	74630060	74630062	cg25816396
chr18	74630087	74630089	cg00175987
chr18	74630469	74630471	cg07457882
chr18	74630985	74630987	cg06123147
chr18	74631042	74631044	cg02619107
chr18	74797598	74797600	cg12573871
chr18	75062788	75062790	cg14141786
chr18	75065350	75065352	cg00066817
chr18	75085683	75085685	cg07131864
chr18	75087193	75087195	cg25442607
chr18	75087764	75087766	cg21384009
chr18	75087788	75087790	cg17104099
chr18	75087928	75087930	cg24601355
chr18	75087989	75087991	cg25186965
chr18	75089885	75089887	cg07699931
chr18	75090578	75090580	cg13198885
chr18	75121558	75121560	cg21136673
chr18	75125429	75125431	cg21412355
chr18	75125574	75125576	cg21894287
chr18	75125670	75125672	cg18709881
chr18	75125736	75125738	cg14395744
chr18	75125743	75125745	cg04756515
chr18	75125825	75125827	cg13460311
chr18	75127875	75127877	cg20118577
chr18	75133719	75133721	cg27030352
chr18	75200804	75200806	cg20936529
chr18	75204056	75204058	cg21786191
chr18	75204355	75204357	cg21330207
chr18	75204437	75204439	cg11568697
chr18	75204820	75204822	cg02750262
chr18	75205145	75205147	cg18449964
chr18	75205207	75205209	cg03972071
chr18	75205431	75205433	cg22088248
chr18	75205494	75205496	cg25292638
chr18	75205987	75205989	cg16353800
chr18	75207105	75207107	cg21364719
chr18	75208241	75208243	cg14161438
chr18	75208921	75208923	cg05608626
chr18	75208976	75208978	cg22080282
chr18	75209029	75209031	cg16064518
chr18	75209357	75209359	cg25139641
chr18	75209381	75209383	cg08035942
chr18	75209478	75209480	cg11672447
chr18	75209490	75209492	cg19215386
chr18	75210654	75210656	cg18387085
chr18	75210738	75210740	cg05481041
chr18	75210779	75210781	cg18963985
chr18	75211058	75211060	cg03075494
chr18	75211301	75211303	cg16354253
chr18	75212074	75212076	cg05448504
chr18	75212225	75212227	cg04058636
chr18	75213415	75213417	cg16167782
chr18	75213557	75213559	cg02867216
chr18	75283597	75283599	cg01297972
chr18	75284363	75284365	cg01804844
chr18	75284676	75284678	cg14832990
chr18	75287640	75287642	cg19860154
chr18	75287760	75287762	cg03680528
chr18	75287954	75287956	cg17034614
chr18	75287976	75287978	cg01561777
chr18	75288048	75288050	cg23290664
chr18	75288802	75288804	cg00536472
chr18	75290149	75290151	cg13332754
chr18	75410609	75410611	cg18036068
chr18	75417765	75417767	cg05385879
chr18	75427576	75427578	cg24163987
chr18	75427771	75427773	cg26385618
chr18	75427786	75427788	cg23936477
chr18	75428244	75428246	cg14911189
chr18	75428829	75428831	cg00949578
chr18	75429085	75429087	cg27096572
chr18	75452386	75452388	cg27635025
chr18	75454735	75454737	cg19653700
chr18	75455466	75455468	cg16171281
chr18	75455715	75455717	cg12975230
chr18	75455938	75455940	cg03091010
chr18	75455963	75455965	cg10124413
chr18	75456223	75456225	cg17159790
chr18	75913852	75913854	cg07774589
chr18	75915931	75915933	cg27569863
chr18	75916410	75916412	cg03012170
chr18	75916678	75916680	cg25285904
chr18	75916695	75916697	cg11564711
chr18	75916874	75916876	cg14210765
chr18	75918334	75918336	cg15227168
chr18	75919793	75919795	cg24080902
chr18	76131083	76131085	cg18070053
chr18	76254671	76254673	cg22063692
chr18	76254799	76254801	cg14573759
chr18	76349558	76349560	cg20458223
chr18	76350415	76350417	cg21312551
chr18	76350682	76350684	cg07338552
chr18	76350829	76350831	cg06688621
chr18	76351899	76351901	cg23844085
chr18	76353242	76353244	cg12557972
chr18	76361768	76361770	cg16016104
chr18	76376864	76376866	cg00930618
chr18	76378739	76378741	cg06807726
chr18	76379436	76379438	cg24139931
chr18	76379603	76379605	cg13324701
chr18	76379734	76379736	cg04834825
chr18	76379796	76379798	cg07040396
chr18	76379830	76379832	cg03862651
chr18	76380958	76380960	cg21134182
chr18	76383687	76383689	cg07783458
chr18	76399022	76399024	cg20138458
chr18	76401856	76401858	cg20608966
chr18	76402613	76402615	cg20429104
chr18	76402751	76402753	cg12019801
chr18	76402771	76402773	cg00471371
chr18	76404316	76404318	cg21128539
chr18	76406286	76406288	cg24786174
chr18	76438235	76438237	cg01018286
chr18	76441073	76441075	cg18572343
chr18	76441385	76441387	cg16275118
chr18	76442042	76442044	cg18775736
chr18	76442148	76442150	cg09323570
chr18	76442303	76442305	cg24530271
chr18	76443101	76443103	cg09174205
chr18	76444940	76444942	cg15491120
chr18	76445725	76445727	cg13049398
chr18	76456024	76456026	cg20132820
chr18	76456957	76456959	cg25872816
chr18	76458588	76458590	cg06168404
chr18	76460141	76460143	cg15347788
chr18	76461946	76461948	cg23483081
chr18	76463063	76463065	cg19277926
chr18	76463114	76463116	cg19951409
chr18	76463125	76463127	cg22079685
chr18	76463237	76463239	cg16619858
chr18	76463251	76463253	cg22444102
chr18	76463635	76463637	cg14936460
chr18	76463694	76463696	cg13213527
chr18	76486817	76486819	cg12645852
chr18	76489274	76489276	cg25149122
chr18	76490836	76490838	cg13828499
chr18	76490930	76490932	cg15531009
chr18	76491081	76491083	cg26552784
chr18	76491175	76491177	cg12862851
chr18	76491527	76491529	cg05321809
chr18	76491702	76491704	cg23559352
chr18	76491812	76491814	cg04663622
chr18	76492163	76492165	cg04011206
chr18	76492178	76492180	cg25881719
chr18	76492873	76492875	cg17940198
chr18	76494546	76494548	cg06862474
chr18	76494765	76494767	cg02033141
chr18	76494853	76494855	cg17987358
chr18	76494935	76494937	cg13950442
chr18	76494955	76494957	cg09797312
chr18	76495481	76495483	cg13432012
chr18	76495594	76495596	cg22992588
chr18	76496106	76496108	cg07191393
chr18	76496336	76496338	cg06650914
chr18	76496388	76496390	cg00234446
chr18	76496400	76496402	cg14901232
chr18	76497050	76497052	cg25583086
chr18	76500463	76500465	cg06316322
chr18	76527179	76527181	cg00710343
chr18	76528076	76528078	cg12469809
chr18	76528502	76528504	cg17726692
chr18	76528518	76528520	cg22284422
chr18	76528624	76528626	cg23255283
chr18	76528944	76528946	cg17222996
chr18	76529311	76529313	cg00220661
chr18	76545936	76545938	cg16270399
chr18	76613854	76613856	cg23553867
chr18	76613946	76613948	cg07867133
chr18	76614099	76614101	cg07343174
chr18	76614123	76614125	cg04436883
chr18	76615456	76615458	cg12312176
chr18	76615474	76615476	cg22403767
chr18	76616550	76616552	cg25294417
chr18	76620595	76620597	cg07537417
chr18	76689713	76689715	cg22920417
chr18	76690052	76690054	cg21306775
chr18	76784378	76784380	cg15375321
chr18	76785613	76785615	cg21420044
chr18	76787415	76787417	cg03731646
chr18	76787423	76787425	cg24983120
chr18	76787554	76787556	cg25691825
chr18	76787616	76787618	cg24864576
chr18	76787627	76787629	cg21829490
chr18	76788668	76788670	cg16550505
chr18	76791135	76791137	cg11726074
chr18	76799688	76799690	cg24904132
chr18	76801993	76801995	cg14129931
chr18	76802180	76802182	cg00539368
chr18	76802334	76802336	cg16472389
chr18	76804092	76804094	cg16984981
chr18	76806121	76806123	cg19582946
chr18	76819703	76819705	cg05578802
chr18	76821966	76821968	cg14897791
chr18	76822071	76822073	cg13623435
chr18	76822611	76822613	cg21715088
chr18	76822619	76822621	cg16237672
chr18	76823276	76823278	cg15059932
chr18	76823677	76823679	cg22442168
chr18	76823883	76823885	cg20234007
chr18	76823989	76823991	cg12162759
chr18	76824012	76824014	cg26045043
chr18	76824034	76824036	cg14626483
chr18	76824156	76824158	cg06319120
chr18	76824269	76824271	cg06398181
chr18	76826414	76826416	cg18261823
chr18	76862372	76862374	cg14781805
chr18	76894322	76894324	cg14203827
chr18	76894987	76894989	cg13364146
chr18	76895104	76895106	cg26177544
chr18	76895192	76895194	cg18025258
chr18	76896339	76896341	cg20064231
chr18	76898044	76898046	cg12787950
chr18	76916693	76916695	cg27145388
chr18	76918702	76918704	cg00340928
chr18	76919904	76919906	cg19262334
chr18	76919976	76919978	cg16843760
chr18	76920087	76920089	cg16338306
chr18	76921193	76921195	cg06161299
chr18	76921809	76921811	cg27436190
chr18	76922327	76922329	cg18507146
chr18	76924446	76924448	cg02704999
chr18	76968341	76968343	cg07460565
chr18	76976214	76976216	cg15014449
chr18	76979140	76979142	cg19178876
chr18	76979312	76979314	cg25916714
chr18	76979410	76979412	cg15352683
chr18	76979466	76979468	cg15391531
chr18	76980159	76980161	cg00706570
chr18	76980188	76980190	cg17061340
chr18	76980257	76980259	cg25805393
chr18	76980278	76980280	cg00839132
chr18	76980296	76980298	cg13375905
chr18	76980308	76980310	cg06676603
chr18	76983267	76983269	cg22168512
chr18	76983500	76983502	cg20074021
chr18	77014045	77014047	cg06773488
chr18	77016877	77016879	cg27240008
chr18	77016881	77016883	cg21322241
chr18	77016974	77016976	cg23975646
chr18	77017002	77017004	cg21107579
chr18	77017022	77017024	cg13442966
chr18	77017064	77017066	cg23327011
chr18	77017107	77017109	cg15224291
chr18	77017117	77017119	cg14298244
chr18	77017188	77017190	cg06548292
chr18	77017194	77017196	cg15495463
chr18	77017218	77017220	cg13141061
chr18	77017294	77017296	cg22239325
chr18	77017524	77017526	cg07611666
chr18	77017562	77017564	cg00187503
chr18	77017594	77017596	cg03560685
chr18	77020646	77020648	cg00735329
chr18	77056084	77056086	cg13583535
chr18	77056403	77056405	cg15566919
chr18	77058445	77058447	cg21655444
chr18	77058474	77058476	cg07807210
chr18	77058632	77058634	cg07006718
chr18	77058858	77058860	cg13852093
chr18	77062509	77062511	cg25503999
chr18	77084623	77084625	cg07184627
chr18	77086097	77086099	cg24446429
chr18	77087293	77087295	cg17199181
chr18	77087538	77087540	cg13572782
chr18	77087543	77087545	cg11598403
chr18	77087615	77087617	cg17266581
chr18	77087952	77087954	cg08737246
chr18	77088072	77088074	cg15407373
chr18	77088123	77088125	cg23470914
chr18	77089069	77089071	cg25786273
chr18	77090680	77090682	cg15521572
chr18	77092171	77092173	cg23319171
chr18	77092299	77092301	cg25743490
chr18	77092432	77092434	cg19276655
chr18	77093262	77093264	cg07165529
chr18	77094523	77094525	cg18792727
chr18	77108536	77108538	cg16762684
chr18	77111037	77111039	cg26358590
chr18	77112197	77112199	cg07637837
chr18	77112323	77112325	cg27400313
chr18	77112456	77112458	cg25389087
chr18	77113936	77113938	cg21261487
chr18	77114812	77114814	cg27262850
chr18	77116814	77116816	cg18206567
chr18	77118420	77118422	cg16893707
chr18	77120158	77120160	cg00989538
chr18	77120214	77120216	cg21116087
chr18	77120304	77120306	cg16990945
chr18	77120415	77120417	cg25332502
chr18	77124113	77124115	cg19310162
chr18	77128259	77128261	cg26457248
chr18	77131304	77131306	cg15462468
chr18	77131404	77131406	cg23529390
chr18	77132052	77132054	cg05616792
chr18	77132054	77132056	cg18362936
chr18	77132077	77132079	cg22228783
chr18	77132810	77132812	cg20801056
chr18	77132824	77132826	cg25887236
chr18	77132830	77132832	cg27180880
chr18	77133197	77133199	cg00366917
chr18	77133465	77133467	cg12555907
chr18	77133749	77133751	cg11984636
chr18	77133872	77133874	cg16604566
chr18	77136888	77136890	cg12635694
chr18	77246329	77246331	cg16085553
chr18	77248672	77248674	cg17154602
chr18	77248695	77248697	cg18443629
chr18	77248742	77248744	cg07241573
chr18	77249039	77249041	cg25165358
chr18	77249043	77249045	cg26065057
chr18	77249045	77249047	cg18461021
chr18	77249121	77249123	cg15443732
chr18	77249181	77249183	cg05528293
chr18	77249206	77249208	cg19705131
chr18	77249239	77249241	cg07390210
chr18	77249385	77249387	cg21661027
chr18	77249403	77249405	cg18961944
chr18	77249467	77249469	cg12699371
chr18	77249494	77249496	cg06562865
chr18	77249497	77249499	cg15129823
chr18	77249506	77249508	cg21634365
chr18	77249537	77249539	cg15484988
chr18	77249767	77249769	cg00854242
chr18	77249770	77249772	cg26721264
chr18	77249780	77249782	cg15146859
chr18	77249828	77249830	cg15343119
chr18	77249830	77249832	cg10486998
chr18	77249841	77249843	cg03175653
chr18	77249852	77249854	cg03032214
chr18	77250009	77250011	cg03659519
chr18	77250011	77250013	cg20872937
chr18	77250043	77250045	cg17911318
chr18	77250176	77250178	cg03502002
chr18	77250259	77250261	cg01178451
chr18	77250412	77250414	cg04534765
chr18	77250715	77250717	cg06360427
chr18	77250837	77250839	cg10390058
chr18	77251407	77251409	cg00662556
chr18	77251850	77251852	cg26038190
chr18	77252073	77252075	cg05896682
chr18	77269474	77269476	cg03165383
chr18	77269773	77269775	cg12522833
chr18	77650963	77650965	cg05794480
chr18	77651107	77651109	cg21517610
chr18	77665517	77665519	cg16318253
chr18	77668276	77668278	cg26258423
chr18	77668407	77668409	cg11874321
chr18	77668557	77668559	cg27582240
chr18	77669023	77669025	cg17322632
chr18	77671645	77671647	cg23473114
chr18	77677065	77677067	cg05974154
chr18	77687363	77687365	cg06168021
chr18	77688763	77688765	cg02950608
chr18	77690325	77690327	cg16197857
chr18	77690423	77690425	cg18564898
chr18	77690475	77690477	cg14785579
chr18	77690573	77690575	cg26987367
chr18	77691249	77691251	cg14741564
chr18	77880026	77880028	cg02832905
chr18	77897097	77897099	cg26772788
chr18	77899859	77899861	cg12816842
chr18	77900099	77900101	cg18621091
chr18	77900184	77900186	cg05688651
chr18	77900266	77900268	cg15433534
chr18	77903386	77903388	cg03295626
chr18	77968593	77968595	cg01182430
chr18	77968849	77968851	cg15299888
chr18	77976046	77976048	cg05495454
chr18	77978284	77978286	cg15606654
chr18	77978608	77978610	cg20245515
chr18	77978763	77978765	cg20484215
chr18	77978898	77978900	cg25816268
chr18	77979340	77979342	cg16151261
chr18	77979468	77979470	cg06554192
chr18	78124535	78124537	cg06036459
chr18	78124596	78124598	cg02924348
chr18	78126609	78126611	cg16286755
chr18	78126679	78126681	cg08534830
chr18	78126780	78126782	cg14635039
chr18	78128473	78128475	cg14642773
chr18	78129491	78129493	cg00703061
chr18	78236300	78236302	cg19714308
chr18	78238229	78238231	cg01234563
chr18	78238809	78238811	cg12498801
chr18	78238835	78238837	cg08535970
chr18	78238892	78238894	cg13850825
chr18	78240983	78240985	cg27349460
chr18	78241772	78241774	cg26803352
chr18	78242289	78242291	cg24228532
chr18	78309001	78309003	cg16378234
chr18	78309222	78309224	cg03871120
chr18	78309253	78309255	cg25454379
chr18	78309469	78309471	cg17870959
chr18	78309689	78309691	cg21478967
chr18	78311634	78311636	cg03306946
chr18	78313020	78313022	cg00694040
chr18	78313274	78313276	cg21436444
chr18	78313398	78313400	cg03725652
chr18	78313556	78313558	cg03204427
chr18	78314522	78314524	cg12651742
chr18	78317299	78317301	cg17271970
chr18	78360634	78360636	cg16952362
chr18	78362610	78362612	cg16924963
chr18	78363395	78363397	cg14847845
chr18	78363612	78363614	cg01200389
chr18	78363746	78363748	cg23779103
chr18	78363812	78363814	cg15657220
chr18	78363831	78363833	cg12124191
chr18	78365626	78365628	cg25032793
chr18	78366699	78366701	cg21804574
chr18	78388310	78388312	cg06404695
chr18	78388675	78388677	cg00027586
chr18	78391202	78391204	cg19355932
chr18	78391529	78391531	cg12051439
chr18	78393778	78393780	cg23600438
chr18	78397377	78397379	cg25420253
chr18	78400107	78400109	cg19924120
chr18	78400179	78400181	cg03058038
chr18	78400276	78400278	cg13220123
chr18	78400387	78400389	cg07770402
chr18	78400442	78400444	cg08220548
chr18	78401547	78401549	cg15063946
chr18	78403006	78403008	cg26028371
chr18	78426349	78426351	cg13292574
chr18	78427356	78427358	cg19551225
chr18	78429256	78429258	cg26794997
chr18	78429808	78429810	cg17242353
chr18	78429843	78429845	cg05093561
chr18	78430005	78430007	cg27445005
chr18	78430030	78430032	cg12147906
chr18	78430680	78430682	cg25072949
chr18	78430757	78430759	cg03609088
chr18	78430810	78430812	cg20439656
chr18	78432779	78432781	cg23975975
chr18	78432892	78432894	cg12665366
chr18	78498492	78498494	cg03011024
chr18	78500567	78500569	cg05762612
chr18	78502285	78502287	cg19934476
chr18	78502287	78502289	cg01767525
chr18	78503058	78503060	cg14889419
chr18	78504595	78504597	cg00472640
chr18	78504888	78504890	cg05142358
chr18	78506264	78506266	cg16113156
chr18	78506371	78506373	cg01267532
chr18	78506436	78506438	cg07175288
chr18	78507385	78507387	cg14544684
chr18	78510361	78510363	cg00491207
chr18	78510966	78510968	cg19416795
chr18	78511398	78511400	cg24756105
chr18	78515390	78515392	cg25350176
chr18	78517462	78517464	cg14844559
chr18	78517579	78517581	cg03937515
chr18	78517598	78517600	cg05100518
chr18	78518166	78518168	cg27050031
chr18	78520876	78520878	cg24026690
chr18	78545781	78545783	cg17279409
chr18	78547272	78547274	cg26367197
chr18	78548274	78548276	cg22511852
chr18	78548434	78548436	cg26556489
chr18	78548485	78548487	cg06575626
chr18	78549095	78549097	cg24301038
chr18	78551781	78551783	cg07201003
chr18	78558944	78558946	cg16505528
chr18	78560785	78560787	cg20434562
chr18	78561378	78561380	cg00531338
chr18	78562682	78562684	cg01200150
chr18	78562899	78562901	cg05655281
chr18	78563013	78563015	cg22417566
chr18	78564737	78564739	cg21199045
chr18	78565724	78565726	cg18912906
chr18	78585143	78585145	cg18537464
chr18	78585569	78585571	cg03321106
chr18	78603294	78603296	cg26143874
chr18	78634851	78634853	cg26992698
chr18	78637181	78637183	cg27658460
chr18	78637483	78637485	cg03884860
chr18	78637671	78637673	cg12275487
chr18	78638310	78638312	cg27206367
chr18	78639433	78639435	cg23693749
chr18	78641125	78641127	cg14478460
chr18	78699784	78699786	cg27366617
chr18	78702311	78702313	cg16824643
chr18	78703363	78703365	cg25372165
chr18	78703551	78703553	cg20155717
chr18	78703654	78703656	cg12708841
chr18	78705649	78705651	cg24378439
chr18	78713145	78713147	cg03660901
chr18	78713924	78713926	cg22272070
chr18	78714704	78714706	cg14171430
chr18	78723174	78723176	cg17945422
chr18	78725586	78725588	cg22110922
chr18	78726313	78726315	cg14949309
chr18	78726610	78726612	cg00192819
chr18	78726862	78726864	cg13645033
chr18	78728515	78728517	cg12629103
chr18	78730073	78730075	cg20599451
chr18	78737985	78737987	cg24268495
chr18	78738162	78738164	cg16059161
chr18	78763511	78763513	cg24239780
chr18	78778285	78778287	cg21323684
chr18	78781070	78781072	cg00527805
chr18	78781147	78781149	cg05102668
chr18	78781636	78781638	cg14400258
chr18	78781670	78781672	cg00604142
chr18	78783058	78783060	cg24959965
chr18	78784455	78784457	cg07891953
chr18	78789839	78789841	cg03302281
chr18	78792700	78792702	cg15734968
chr18	78792775	78792777	cg06032977
chr18	78792908	78792910	cg18326642
chr18	78792970	78792972	cg23453215
chr18	78793324	78793326	cg02748624
chr18	78795520	78795522	cg18339075
chr18	78796803	78796805	cg00174845
chr18	78797158	78797160	cg19369363
chr18	78797307	78797309	cg08072210
chr18	78797540	78797542	cg13261306
chr18	78800016	78800018	cg16490925
chr18	78837984	78837986	cg18370102
chr18	78841646	78841648	cg16859165
chr18	78841754	78841756	cg20768445
chr18	78841951	78841953	cg19651199
chr18	78844258	78844260	cg07274137
chr18	78853070	78853072	cg19407656
chr18	78855401	78855403	cg03768175
chr18	78856807	78856809	cg00215133
chr18	78857015	78857017	cg26993965
chr18	78857197	78857199	cg04788926
chr18	78857505	78857507	cg19247654
chr18	78858303	78858305	cg05353571
chr18	78861395	78861397	cg25993608
chr18	78863072	78863074	cg15529950
chr18	78865958	78865960	cg06249109
chr18	78867736	78867738	cg00150560
chr18	78869212	78869214	cg27107963
chr18	78875711	78875713	cg15241499
chr18	78878493	78878495	cg05569767
chr18	78879318	78879320	cg07320941
chr18	78879445	78879447	cg26165993
chr18	78879478	78879480	cg24134504
chr18	78879742	78879744	cg24663798
chr18	78880313	78880315	cg24956972
chr18	78883715	78883717	cg17935214
chr18	78910369	78910371	cg24923279
chr18	78913095	78913097	cg00806245
chr18	78914209	78914211	cg01960089
chr18	78914272	78914274	cg15674514
chr18	78914570	78914572	cg16189953
chr18	78914795	78914797	cg07621803
chr18	78915401	78915403	cg15023686
chr18	78918422	78918424	cg13847966
chr18	78923159	78923161	cg22217793
chr18	78924868	78924870	cg14767799
chr18	78925321	78925323	cg15001618
chr18	78925393	78925395	cg11711015
chr18	78926007	78926009	cg22158229
chr18	78927877	78927879	cg00333800
chr18	78930779	78930781	cg06382093
chr18	78932398	78932400	cg12952924
chr18	78933953	78933955	cg07891080
chr18	78934026	78934028	cg20247934
chr18	78934173	78934175	cg11677822
chr18	78935122	78935124	cg02978168
chr18	78936949	78936951	cg15374754
chr18	78960980	78960982	cg12474054
chr18	78963866	78963868	cg19578030
chr18	78965032	78965034	cg14191434
chr18	78965298	78965300	cg26662520
chr18	78965473	78965475	cg01593857
chr18	78965494	78965496	cg00852603
chr18	78967281	78967283	cg22282365
chr18	78969526	78969528	cg25839076
chr18	78969614	78969616	cg01155831
chr18	78970839	78970841	cg07613361
chr18	78972736	78972738	cg06729842
chr18	78973102	78973104	cg15846434
chr18	78973536	78973538	cg07858908
chr18	78974277	78974279	cg10149337
chr18	78974763	78974765	cg03663462
chr18	78974784	78974786	cg12236129
chr18	78976784	78976786	cg16019434
chr18	78977391	78977393	cg03599357
chr18	78977544	78977546	cg12298745
chr18	78977833	78977835	cg09904497
chr18	78978477	78978479	cg17299899
chr18	78978716	78978718	cg01692233
chr18	78978998	78979000	cg21779611
chr18	78979225	78979227	cg13634602
chr18	78979408	78979410	cg05080154
chr18	78979558	78979560	cg16580499
chr18	78980087	78980089	cg05884032
chr18	78980090	78980092	cg16433156
chr18	78980092	78980094	cg06954658
chr18	78980100	78980102	cg07382554
chr18	78980257	78980259	cg14007067
chr18	78980261	78980263	cg15191648
chr18	78980283	78980285	cg13794993
chr18	78980961	78980963	cg10717463
chr18	78981156	78981158	cg03712816
chr18	78985055	78985057	cg15013496
chr18	78986273	78986275	cg01179851
chr18	78986336	78986338	cg27116888
chr18	78991615	78991617	cg16284437
chr18	78991951	78991953	cg22242857
chr18	78992659	78992661	cg02705011
chr18	78993237	78993239	cg05678191
chr18	78993356	78993358	cg04988994
chr18	78993445	78993447	cg02193951
chr18	78993904	78993906	cg20980587
chr18	78994901	78994903	cg02507889
chr18	78994960	78994962	cg08182407
chr18	78995309	78995311	cg23983671
chr18	78995487	78995489	cg04389822
chr18	78995897	78995899	cg25891069
chr18	78997840	78997842	cg03788215
chr18	79003077	79003079	cg14299739
chr18	79004261	79004263	cg11911736
chr18	79005785	79005787	cg14418119
chr18	79006006	79006008	cg16152072
chr18	79006249	79006251	cg13824991
chr18	79006587	79006589	cg06406536
chr18	79006746	79006748	cg22345519
chr18	79008731	79008733	cg07420359
chr18	79009174	79009176	cg20477084
chr18	79019337	79019339	cg26916687
chr18	79022567	79022569	cg13592565
chr18	79022695	79022697	cg14334245
chr18	79022765	79022767	cg13402195
chr18	79022859	79022861	cg25926189
chr18	79022894	79022896	cg02455203
chr18	79023999	79024001	cg18465747
chr18	79025451	79025453	cg16244318
chr18	79065312	79065314	cg24125269
chr18	79068520	79068522	cg06556497
chr18	79068654	79068656	cg16665444
chr18	79069137	79069139	cg22093035
chr18	79069142	79069144	cg16961218
chr18	79069238	79069240	cg26017880
chr18	79069334	79069336	cg24212262
chr18	79069833	79069835	cg10823157
chr18	79072935	79072937	cg18886814
chr18	79131499	79131500	ch.18.1546242R
chr18	79145178	79145180	cg21952627
chr18	79146366	79146368	cg14987283
chr18	79150241	79150243	cg02771587
chr18	79224681	79224683	cg18885289
chr18	79225541	79225543	cg16412670
chr18	79225745	79225747	cg22070865
chr18	79225796	79225798	cg20559816
chr18	79227002	79227004	cg12044704
chr18	79229262	79229264	cg22217176
chr18	79322211	79322213	cg17928607
chr18	79322447	79322449	cg03139228
chr18	79323733	79323735	cg00723137
chr18	79325744	79325746	cg13206735
chr18	79327899	79327901	cg02902412
chr18	79328133	79328135	cg03152870
chr18	79328997	79328999	cg20754964
chr18	79331250	79331252	cg16128296
chr18	79350160	79350162	cg25130590
chr18	79356309	79356311	cg21394039
chr18	79361864	79361866	cg13997504
chr18	79364397	79364399	cg14453449
chr18	79365737	79365739	cg13959432
chr18	79365777	79365779	cg02465177
chr18	79365796	79365798	cg07583654
chr18	79365857	79365859	cg24061105
chr18	79366191	79366193	cg27484662
chr18	79370361	79370363	cg05553082
chr18	79373817	79373819	cg16471110
chr18	79374250	79374252	cg09636756
chr18	79374536	79374538	cg26544932
chr18	79375100	79375102	cg14071758
chr18	79378239	79378241	cg13235388
chr18	79378859	79378861	cg13996395
chr18	79378976	79378978	cg17813208
chr18	79379071	79379073	cg24884543
chr18	79379084	79379086	cg15526954
chr18	79379295	79379297	cg22130205
chr18	79382808	79382810	cg15120176
chr18	79389313	79389315	cg00888108
chr18	79392473	79392475	cg02976900
chr18	79393592	79393594	cg05533549
chr18	79394320	79394322	cg23046934
chr18	79394421	79394423	cg06049736
chr18	79394868	79394870	cg06973760
chr18	79395093	79395095	cg22124479
chr18	79395144	79395146	cg27121095
chr18	79395954	79395956	cg06633814
chr18	79396688	79396690	cg05970790
chr18	79396875	79396877	cg12594569
chr18	79397759	79397761	cg00151768
chr18	79397985	79397987	cg13608166
chr18	79398179	79398181	cg16848717
chr18	79398470	79398472	cg01277438
chr18	79398675	79398677	cg03586564
chr18	79399785	79399787	cg11928275
chr18	79400029	79400031	cg16452086
chr18	79400149	79400151	cg16774013
chr18	79400211	79400213	cg20523092
chr18	79400214	79400216	cg25145459
chr18	79400218	79400220	cg26102748
chr18	79400220	79400222	cg12964741
chr18	79400395	79400397	cg07492770
chr18	79400757	79400759	cg07175507
chr18	79401213	79401215	cg15363134
chr18	79402456	79402458	cg06751398
chr18	79405149	79405151	cg15260951
chr18	79406810	79406812	cg05944967
chr18	79407041	79407043	cg27334938
chr18	79410313	79410315	cg26116980
chr18	79410634	79410636	cg00952201
chr18	79411009	79411011	cg05165553
chr18	79411443	79411445	cg18486850
chr18	79411704	79411706	cg07952877
chr18	79411831	79411833	cg15784814
chr18	79411871	79411873	cg15643428
chr18	79412116	79412118	cg19476788
chr18	79412632	79412634	cg15908877
chr18	79413565	79413567	cg26244832
chr18	79415680	79415682	cg18475143
chr18	79416619	79416621	cg12761626
chr18	79419805	79419807	cg00110171
chr18	79420468	79420470	cg18773522
chr18	79420673	79420675	cg15798890
chr18	79420839	79420841	cg15702661
chr18	79421422	79421424	cg05264214
chr18	79422404	79422406	cg16997486
chr18	79423422	79423424	cg17057218
chr18	79425450	79425452	cg13580107
chr18	79425789	79425791	cg07342752
chr18	79426267	79426269	cg15644404
chr18	79426388	79426390	cg07277828
chr18	79426503	79426505	cg15138382
chr18	79426510	79426512	cg10357989
chr18	79426816	79426818	cg05532093
chr18	79430088	79430090	cg00636427
chr18	79432640	79432642	cg18512446
chr18	79433463	79433465	cg04516518
chr18	79433501	79433503	cg07759042
chr18	79433580	79433582	cg12524531
chr18	79433758	79433760	cg06937978
chr18	79434662	79434664	cg25332265
chr18	79436146	79436148	cg16071091
chr18	79436319	79436321	cg05302701
chr18	79436449	79436451	cg27308982
chr18	79436898	79436900	cg27100149
chr18	79439431	79439433	cg05753993
chr18	79441557	79441559	cg18108009
chr18	79441971	79441973	cg02714192
chr18	79442279	79442281	cg06856570
chr18	79442677	79442679	cg18092363
chr18	79443370	79443372	cg05707833
chr18	79443442	79443444	cg02113385
chr18	79443541	79443543	cg26550337
chr18	79443666	79443668	cg26100137
chr18	79444560	79444562	cg22279865
chr18	79445868	79445870	cg25546405
chr18	79446968	79446970	cg16960291
chr18	79447208	79447210	cg00445548
chr18	79447536	79447538	cg18974966
chr18	79448806	79448808	cg02675550
chr18	79448880	79448882	cg21242663
chr18	79448990	79448992	cg25595641
chr18	79450989	79450991	cg21806238
chr18	79451064	79451066	cg11844358
chr18	79451211	79451213	cg16253249
chr18	79451962	79451964	cg26915704
chr18	79453900	79453902	cg02736255
chr18	79454959	79454961	cg13207250
chr18	79455344	79455346	cg20513080
chr18	79455490	79455492	cg08157446
chr18	79457347	79457349	cg02743589
chr18	79458377	79458379	cg27019645
chr18	79458479	79458481	cg25951288
chr18	79458861	79458863	cg05687091
chr18	79459239	79459241	cg05712931
chr18	79459387	79459389	cg21848624
chr18	79459494	79459496	cg24163668
chr18	79460711	79460713	cg15532942
chr18	79461936	79461938	cg23439917
chr18	79462021	79462023	cg16246200
chr18	79462109	79462111	cg26475087
chr18	79463421	79463423	cg00431336
chr18	79465972	79465974	cg16308790
chr18	79467295	79467297	cg14663983
chr18	79467671	79467673	cg02889418
chr18	79470483	79470485	cg23240477
chr18	79470597	79470599	cg17102627
chr18	79470664	79470666	cg16536399
chr18	79470794	79470796	cg03239925
chr18	79471653	79471655	cg22532194
chr18	79473326	79473328	cg04755409
chr18	79473464	79473466	cg24538512
chr18	79474238	79474240	cg06084244
chr18	79474437	79474439	cg26910047
chr18	79475050	79475052	cg03432598
chr18	79475508	79475510	cg13880617
chr18	79475849	79475851	cg11321921
chr18	79476277	79476279	cg00348031
chr18	79476334	79476336	cg01514831
chr18	79478374	79478376	cg06432200
chr18	79478511	79478513	cg17977133
chr18	79480529	79480531	cg05718035
chr18	79480588	79480590	cg14715383
chr18	79480639	79480641	cg15517343
chr18	79481642	79481644	cg21597937
chr18	79483456	79483458	cg25235326
chr18	79483593	79483595	cg12798257
chr18	79485547	79485549	cg15704408
chr18	79485921	79485923	cg18935516
chr18	79486368	79486370	cg07740306
chr18	79487105	79487107	cg07912144
chr18	79487648	79487650	cg02875487
chr18	79489724	79489726	cg13456321
chr18	79491875	79491877	cg16421653
chr18	79493541	79493543	cg07637243
chr18	79493975	79493977	cg18590092
chr18	79495782	79495784	cg21089065
chr18	79495810	79495812	cg02763290
chr18	79496014	79496016	cg00140494
chr18	79496904	79496906	cg21192698
chr18	79497351	79497353	cg27106643
chr18	79498836	79498838	cg24488344
chr18	79506974	79506976	cg15678825
chr18	79509318	79509320	cg23322122
chr18	79511033	79511035	cg12352896
chr18	79511158	79511160	cg03285823
chr18	79512584	79512586	cg05859578
chr18	79512959	79512961	cg17938607
chr18	79513439	79513441	cg12424293
chr18	79513601	79513603	cg13691622
chr18	79513813	79513815	cg16313382
chr18	79517582	79517584	cg16179938
chr18	79518805	79518807	cg06493806
chr18	79520170	79520172	cg27624471
chr18	79520263	79520265	cg19316407
chr18	79520353	79520355	cg16900964
chr18	79520585	79520587	cg03511628
chr18	79523492	79523494	cg22324981
chr18	79524508	79524510	cg06784563
chr18	79524741	79524743	cg11977716
chr18	79526051	79526053	cg06351295
chr18	79526128	79526130	cg16182267
chr18	79526259	79526261	cg00356361
chr18	79527212	79527214	cg13731636
chr18	79529083	79529085	cg02870946
chr18	79529103	79529105	cg20542619
chr18	79529252	79529254	cg12759909
chr18	79529451	79529453	cg15755154
chr18	79531034	79531036	cg19482885
chr18	79532062	79532064	cg05453001
chr18	79532133	79532135	cg15773974
chr18	79532409	79532411	cg19375418
chr18	79532442	79532444	cg06675417
chr18	79532946	79532948	cg23345151
chr18	79534573	79534575	cg14075156
chr18	79545472	79545474	cg12705212
chr18	79547536	79547538	cg22557240
chr18	79548240	79548242	cg26957560
chr18	79548463	79548465	cg17284725
chr18	79548733	79548735	cg00637636
chr18	79549695	79549697	cg15943602
chr18	79552716	79552718	cg07461111
chr18	79552881	79552883	cg16288354
chr18	79553826	79553828	cg05662839
chr18	79553914	79553916	cg18829162
chr18	79554032	79554034	cg18069174
chr18	79555961	79555963	cg00461905
chr18	79556059	79556061	cg05684838
chr18	79556151	79556153	cg19020758
chr18	79557342	79557344	cg02754224
chr18	79559182	79559184	cg06278940
chr18	79559288	79559290	cg20801603
chr18	79559356	79559358	cg11858880
chr18	79569048	79569050	cg19078037
chr18	79569393	79569395	cg20661154
chr18	79573372	79573374	cg26646527
chr18	79575238	79575240	cg23837191
chr18	79576129	79576131	cg06167221
chr18	79576200	79576202	cg00593773
chr18	79576215	79576217	cg26198107
chr18	79576266	79576268	cg17974247
chr18	79577218	79577220	cg19618984
chr18	79579076	79579078	cg06371291
chr18	79579227	79579229	cg19357195
chr18	79579287	79579289	cg00669182
chr18	79580565	79580567	cg12081291
chr18	79582367	79582369	cg05692899
chr18	79613717	79613719	cg12759166
chr18	79616638	79616640	cg19109570
chr18	79616688	79616690	cg10929690
chr18	79617118	79617120	cg22048216
chr18	79617537	79617539	cg12648671
chr18	79617588	79617590	cg20697926
chr18	79618260	79618262	cg06252810
chr18	79621863	79621865	cg05384906
chr18	79623608	79623610	cg00081465
chr18	79625289	79625291	cg00232402
chr18	79626827	79626829	cg14940871
chr18	79626988	79626990	cg18476557
chr18	79627840	79627842	cg24972087
chr18	79629156	79629158	cg05817118
chr18	79632534	79632536	cg06976213
chr18	79634798	79634800	cg27469726
chr18	79635325	79635327	cg14086908
chr18	79635383	79635385	cg02424539
chr18	79635434	79635436	cg05961160
chr18	79635517	79635519	cg07873926
chr18	79637556	79637558	cg00213052
chr18	79638085	79638087	cg14453935
chr18	79638551	79638553	cg02458554
chr18	79638896	79638898	cg18143566
chr18	79640224	79640226	cg24425316
chr18	79642001	79642003	cg17285177
chr18	79644906	79644908	cg25540854
chr18	79647784	79647786	cg14245216
chr18	79648112	79648114	cg03557633
chr18	79650093	79650095	cg01267373
chr18	79650112	79650114	cg24496800
chr18	79650183	79650185	cg18933620
chr18	79650734	79650736	cg12772314
chr18	79652465	79652467	cg06965590
chr18	79677025	79677027	cg14282925
chr18	79678299	79678301	cg22111118
chr18	79679073	79679075	cg09242772
chr18	79679094	79679096	cg01098651
chr18	79679119	79679121	cg01156768
chr18	79679124	79679126	cg03039366
chr18	79679470	79679472	cg13781084
chr18	79679855	79679857	cg11879182
chr18	79679875	79679877	cg23301140
chr18	79680286	79680288	cg01110525
chr18	79680799	79680801	cg01589580
chr18	79681809	79681811	cg24998981
chr18	79683783	79683785	cg13601309
chr18	79691066	79691068	cg20476159
chr18	79694225	79694227	cg25378362
chr18	79694589	79694591	cg19030090
chr18	79694601	79694603	cg03864121
chr18	79694655	79694657	cg03655402
chr18	79698247	79698249	cg21095808
chr18	79700766	79700768	cg14934400
chr18	79702295	79702297	cg26963272
chr18	79703179	79703181	cg27012291
chr18	79704334	79704336	cg18591013
chr18	79704621	79704623	cg15941665
chr18	79704790	79704792	cg26632239
chr18	79705429	79705431	cg12432983
chr18	79705526	79705528	cg12474748
chr18	79705672	79705674	cg16809914
chr18	79706174	79706176	cg13226362
chr18	79708487	79708489	cg13909076
chr18	79711433	79711435	cg13586404
chr18	79713567	79713569	cg27151480
chr18	79714090	79714092	cg00344719
chr18	79714665	79714667	cg26020805
chr18	79714973	79714975	cg16994510
chr18	79715254	79715256	cg06070054
chr18	79715339	79715341	cg01490290
chr18	79717501	79717503	cg05923267
chr18	79719175	79719177	cg05817054
chr18	79719227	79719229	cg05350020
chr18	79719367	79719369	cg20490386
chr18	79719524	79719526	cg13090456
chr18	79722836	79722838	cg18337575
chr18	79724906	79724908	cg16944405
chr18	79725709	79725711	cg25249670
chr18	79727393	79727395	cg13817822
chr18	79727545	79727547	cg23441888
chr18	79728696	79728698	cg07220585
chr18	79729373	79729375	cg25063864
chr18	79729620	79729622	cg25300757
chr18	79731461	79731463	cg20360947
chr18	79733287	79733289	cg12233418
chr18	79733453	79733455	cg12151351
chr18	79733498	79733500	cg13453304
chr18	79735083	79735085	cg25357022
chr18	79735562	79735564	cg27393146
chr18	79735903	79735905	cg07237540
chr18	79736330	79736332	cg23500204
chr18	79736359	79736361	cg16841133
chr18	79736886	79736888	cg13217994
chr18	79737015	79737017	cg03344351
chr18	79737178	79737180	cg13480046
chr18	79737585	79737587	cg16776331
chr18	79739272	79739274	cg16288572
chr18	79739753	79739755	cg14940698
chr18	79739768	79739770	cg10337506
chr18	79740323	79740325	cg14940408
chr18	79742568	79742570	cg07105409
chr18	79744648	79744650	cg00807297
chr18	79747538	79747540	cg10391823
chr18	79747544	79747546	cg20349571
chr18	79747708	79747710	cg02761960
chr18	79747732	79747734	cg19143282
chr18	79748325	79748327	cg03721887
chr18	79751701	79751703	cg14838972
chr18	79752451	79752453	cg14460847
chr18	79752764	79752766	cg07770560
chr18	79754063	79754065	cg26871386
chr18	79755903	79755905	cg14700153
chr18	79756007	79756009	cg20999102
chr18	79756142	79756144	cg21656736
chr18	79757088	79757090	cg05938218
chr18	79758228	79758230	cg12016792
chr18	79769971	79769973	cg26670288
chr18	79770772	79770774	cg12495077
chr18	79772390	79772392	cg23651658
chr18	79772564	79772566	cg11733769
chr18	79774270	79774272	cg07523142
chr18	79774273	79774275	cg20537760
chr18	79775719	79775721	cg01232037
chr18	79780586	79780588	cg14252944
chr18	79782643	79782645	cg05281810
chr18	79782920	79782922	cg27463447
chr18	79783165	79783167	cg15999750
chr18	79783268	79783270	cg20898773
chr18	79785027	79785029	cg00493716
chr18	79785135	79785137	cg00683329
chr18	79785222	79785224	cg23579185
chr18	79787234	79787236	cg24518609
chr18	79787347	79787349	cg24893509
chr18	79788048	79788050	cg17039236
chr18	79788881	79788883	cg25787956
chr18	79789538	79789540	cg00277804
chr18	79789870	79789872	cg26053547
chr18	79790111	79790113	cg04897431
chr18	79791536	79791538	cg14549976
chr18	79792401	79792403	cg06705017
chr18	79792567	79792569	cg19746982
chr18	79794582	79794584	cg16357382
chr18	79795630	79795632	cg27374247
chr18	79797111	79797113	cg16449243
chr18	79797780	79797782	cg07036524
chr18	79798210	79798212	cg26298979
chr18	79798845	79798847	cg13135595
chr18	79798915	79798917	cg12212311
chr18	79799234	79799236	cg00917154
chr18	79800088	79800090	cg22095490
chr18	79800204	79800206	cg07345205
chr18	79800290	79800292	cg15104081
chr18	79800832	79800834	cg20025115
chr18	79802350	79802352	cg07495755
chr18	79802484	79802486	cg02840839
chr18	79802499	79802501	cg08580032
chr18	79804339	79804341	cg14378791
chr18	79805613	79805615	cg16173847
chr18	79807099	79807101	cg25890679
chr18	79807563	79807565	cg15434292
chr18	79807783	79807785	cg15104592
chr18	79808017	79808019	cg13263691
chr18	79808899	79808901	cg02536541
chr18	79808901	79808903	cg24058013
chr18	79809775	79809777	cg10198171
chr18	79809969	79809971	cg20468999
chr18	79811799	79811801	cg20192041
chr18	79825427	79825429	cg26740109
chr18	79826146	79826148	cg20450689
chr18	79826854	79826856	cg20788561
chr18	79828681	79828683	cg20280925
chr18	79829648	79829650	cg13692658
chr18	79830859	79830861	cg03511173
chr18	79831683	79831685	cg21618418
chr18	79832642	79832644	cg20099166
chr18	79834410	79834412	cg17118888
chr18	79846109	79846111	cg06351029
chr18	79847497	79847499	cg19180834
chr18	79848383	79848385	cg23300509
chr18	79848798	79848800	cg15646919
chr18	79848995	79848997	cg10606486
chr18	79849086	79849088	cg18812904
chr18	79849785	79849787	cg13589431
chr18	79852152	79852154	cg24856264
chr18	79856693	79856695	cg00383167
chr18	79856831	79856833	cg14294910
chr18	79859525	79859527	cg17815187
chr18	79862592	79862594	cg12985923
chr18	79863281	79863283	cg18936757
chr18	79863408	79863410	cg21467717
chr18	79863474	79863476	cg23825213
chr18	79863482	79863484	cg25308662
chr18	79863543	79863545	cg05212510
chr18	79863569	79863571	cg27264388
chr18	79863597	79863599	cg03682112
chr18	79864512	79864514	cg07851192
chr18	79867475	79867477	cg07578611
chr18	79869506	79869508	cg21150537
chr18	79871068	79871070	cg23867721
chr18	79871624	79871626	cg17174613
chr18	79871635	79871637	cg14759931
chr18	79871637	79871639	cg08793936
chr18	79871755	79871757	cg26175428
chr18	79873342	79873344	cg07164161
chr18	79874448	79874450	cg06147545
chr18	79875986	79875988	cg12142062
chr18	79878021	79878023	cg12964065
chr18	79878263	79878265	cg03282975
chr18	79878414	79878416	cg25885449
chr18	79878445	79878447	cg16488953
chr18	79878889	79878891	cg05726258
chr18	79881639	79881641	cg16573240
chr18	79882685	79882687	cg21092928
chr18	79882910	79882912	cg24140841
chr18	79883259	79883261	cg23314297
chr18	79883328	79883330	cg03943674
chr18	79883815	79883817	cg01097071
chr18	79885530	79885532	cg25458083
chr18	79895877	79895879	cg24001597
chr18	79898725	79898727	cg00703453
chr18	79898912	79898914	cg05506453
chr18	79899571	79899573	cg12092346
chr18	79899694	79899696	cg05491587
chr18	79899948	79899950	cg08155312
chr18	79900219	79900221	cg07038001
chr18	79902649	79902651	cg20548261
chr18	79903140	79903142	cg13940240
chr18	79912523	79912525	cg19262972
chr18	79913603	79913605	cg20368463
chr18	79915228	79915230	cg15200915
chr18	79915386	79915388	cg24752582
chr18	79915456	79915458	cg17154092
chr18	79915477	79915479	cg21790657
chr18	79916007	79916009	cg12845895
chr18	79916140	79916142	cg15853814
chr18	79916212	79916214	cg06309094
chr18	79916320	79916322	cg10320164
chr18	79916704	79916706	cg06289503
chr18	79918413	79918415	cg24106536
chr18	79918513	79918515	cg20218571
chr18	79918608	79918610	cg07138854
chr18	79919166	79919168	cg26222723
chr18	79922411	79922413	cg26227935
chr18	79947171	79947173	cg02710481
chr18	79950648	79950650	cg16872595
chr18	79950865	79950867	cg14685556
chr18	79951200	79951202	cg15368769
chr18	79951461	79951463	cg26560656
chr18	79951559	79951561	cg17705056
chr18	79951804	79951806	cg26973045
chr18	79951867	79951869	cg07853919
chr18	79951998	79952000	cg00684757
chr18	79952059	79952061	cg00034852
chr18	79952292	79952294	cg09441152
chr18	79953248	79953250	cg25107024
chr18	79961564	79961566	cg23908385
chr18	79963225	79963227	cg16313807
chr18	79963270	79963272	cg00659077
chr18	79963517	79963519	cg06491451
chr18	79964394	79964396	cg18385254
chr18	79964427	79964429	cg20089538
chr18	79964446	79964448	cg11687085
chr18	79964452	79964454	cg05332077
chr18	79964691	79964693	cg20034215
chr18	79965135	79965137	cg02751453
chr18	79968010	79968012	cg00842670
chr18	79970649	79970651	cg05823915
chr18	79973104	79973106	cg26501139
chr18	79984645	79984647	cg17260058
chr18	79986936	79986938	cg16759783
chr18	79988057	79988059	cg06434061
chr18	79988247	79988249	cg19644162
chr18	79988484	79988486	cg18316234
chr18	79988678	79988680	cg05612640
chr18	79988703	79988705	cg21829634
chr18	79988706	79988708	cg24148474
chr18	79988760	79988762	cg04605388
chr18	79989082	79989084	cg16493698
chr18	79989231	79989233	cg18217446
chr18	79989373	79989375	cg02955504
chr18	79992725	79992727	cg12732436
chr18	80008639	80008641	cg07640391
chr18	80030511	80030513	cg23809586
chr18	80033181	80033183	cg04727522
chr18	80033341	80033343	cg13216267
chr18	80033478	80033480	cg00977256
chr18	80033508	80033510	cg05623562
chr18	80033553	80033555	cg14856734
chr18	80033811	80033813	cg20390253
chr18	80034238	80034240	cg15297799
chr18	80034279	80034281	cg12202743
chr18	80034299	80034301	cg25698978
chr18	80034301	80034303	cg00363486
chr18	80034316	80034318	cg25215885
chr18	80034334	80034336	cg18140558
chr18	80034418	80034420	cg27311476
chr18	80034584	80034586	cg00477061
chr18	80034588	80034590	cg03992054
chr18	80034749	80034751	cg16983759
chr18	80034829	80034831	cg20346096
chr18	80037614	80037616	cg06282665
chr18	80046287	80046289	cg23745864
chr18	80074009	80074011	cg21416238
chr18	80077610	80077612	cg21394688
chr18	80077964	80077966	cg20153737
chr18	80078069	80078071	cg03176434
chr18	80078134	80078136	cg19677388
chr18	80078452	80078454	cg14408831
chr18	80081674	80081676	cg14970311
chr18	80107988	80107990	cg26914205
chr18	80108216	80108218	cg06434775
chr18	80108465	80108467	cg14730616
chr18	80108762	80108764	cg05458220
chr18	80108882	80108884	cg24959938
chr18	80108958	80108960	cg10436594
chr18	80109159	80109161	cg06971353
chr18	80111353	80111355	cg20821271
chr18	80139994	80139996	cg12174077
chr18	80143484	80143486	cg16935734
chr18	80146551	80146553	cg02694925
chr18	80147235	80147237	cg18973878
chr18	80147414	80147416	cg13704680
chr18	80147471	80147473	cg16737533
chr18	80147507	80147509	cg05251669
chr18	80147524	80147526	cg19774868
chr18	80147681	80147683	cg16244155
chr18	80147779	80147781	cg20191338
chr18	80147815	80147817	cg06092953
chr18	80147863	80147865	cg12061113
chr18	80147867	80147869	cg13287964
chr18	80148063	80148065	cg18687533
chr18	80150878	80150880	cg13664963
chr18	80157664	80157666	cg02924425
chr18	80159731	80159733	cg19815565
chr18	80159763	80159765	cg13590055
chr18	80160258	80160260	cg21237861
chr18	80160704	80160706	cg07500432
chr18	80162434	80162436	cg13455896
chr18	80163484	80163486	cg20989899
chr18	80243975	80243977	cg14906638
chr18	80244948	80244950	cg23642929
chr18	80246161	80246163	cg01781417
chr18	80246353	80246355	cg07235805
chr18	80246419	80246421	cg16238918
chr18	80246590	80246592	cg06977689
chr18	80246844	80246846	cg15077085
chr18	80247296	80247298	cg23922708
chr18	80247353	80247355	cg13348877
chr18	80247359	80247361	cg21661549
chr18	80247587	80247589	cg21285088
chr18	80247591	80247593	cg16553796
chr18	80247593	80247595	cg23281729
chr18	80247603	80247605	cg16295162
chr18	80247709	80247711	cg23374700
chr18	80247723	80247725	cg23686403
chr18	80247765	80247767	cg05872073
chr18	80247781	80247783	cg00870662
chr18	80249957	80249959	cg00234655
